728
622
491
281
529
696
987
606
653
489
927
189
33
387
1000
324
137
459
669
16
669
716
449
695
957
956
997
186
707
368
826
732
743
293
330
529
272
555
797
204
844
74
901
372
327
484
699
163
359
942
345
802
879
655
994
145
160
517
473
718
188
60
242
56
230
225
476
631
533
237
537
404
287
466
19
356
343
911
804
508
155
91
419
674
520
96
53
361
161
96
808
599
944
207
776
146
2
90
794
111
425
647
268
210
253
469
824
596
613
637
760
644
775
811
460
415
539
981
385
227
82
128
319
689
669
692
148
529
848
647
947
40
343
949
913
322
783
716
454
987
175
270
293
508
662
593
543
323
49
789
971
382
759
152
252
598
743
464
417
715
195
1
62
868
133
123
926
789
411
262
599
743
686
436
173
488
471
748
41
960
990
851
907
420
656
803
452
681
377
665
376
15
191
793
576
100
141
851
190
23
133
261
420
284
842
91
888
76
897
331
147
617
458
378
959
597
650
755
109
490
846
613
635
727
601
531
594
357
701
928
82
313
868
191
425
943
322
616
662
513
681
959
718
554
79
632
792
166
165
582
201
177
580
372
457
962
759
336
11
758
106
531
223
166
587
634
127
584
294
135
941
224
565
548
273
611
245
390
346
387
384
630
542
153
467
834
643
15
920
365
303
118
512
392
475
959
226
326
136
884
611
69
833
14
539
510
844
210
626
865
448
416
69
970
295
146
713
918
4
664
938
507
133
746
163
633
176
499
812
155
886
176
254
607
8
475
505
835
389
640
768
845
168
509
935
782
727
365
156
882
387
507
247
391
859
680
398
604
509
459
245
443
774
688
319
488
731
228
149
770
199
513
488
471
293
763
833
802
14
527
989
870
355
64
735
911
195
833
362
759
790
903
61
264
944
886
535
86
584
586
292
598
375
963
443
694
762
211
203
800
534
291
677
466
135
31
313
200
653
638
535
179
328
20
35
971
345
719
982
513
736
870
217
860
450
606
636
882
723
225
911
985
931
159
420
786
941
402
319
318
313
442
395
610
726
551
204
845
313
801
747
295
957
714
766
101
334
594
459
206
419
440
448
503
900
630
256
609
463
42
664
862
6
746
556
979
465
613
843
290
750
20
477
898
649
692
490
71
864
901
390
235
73
940
608
968
931
729
368
302
237
508
162
238
682
959
772
80
538
445
354
335
265
452
897
838
668
947
510
582
358
539
125
803
117
424
173
922
749
906
114
473
926
612
907
727
812
305
163
284
133
853
119
719
768
449
459
286
339
795
171
484
677
411
576
563
565
122
926
720
343
105
425
471
325
865
25
920
957
814
898
150
272
271
762
343
377
855
361
519
406
452
687
139
491
701
401
611
795
364
751
63
222
827
757
723
97
813
352
599
245
912
779
776
903
358
831
848
829
260
451
47
20
600
384
529
152
999
788
567
913
74
327
455
750
2
796
888
671
166
21
710
813
717
567
27
424
561
688
44
425
919
738
206
762
750
15
720
440
805
489
803
486
990
94
188
805
184
70
455
433
93
677
817
264
995
877
52
642
184
255
355
881
48
134
905
991
218
872
222
131
259
790
903
278
439
722
12
773
232
826
484
296
626
252
19
545
546
119
32
720
129
799
421
393
931
542
715
173
718
294
916
71
681
787
389
571
749
675
725
799
505
658
241
609
642
518
938
686
357
285
847
59
283
574
868
568
144
462
718
245
732
36
362
249
610
802
411
169
442
933
29
334
489
731
272
656
523
656
504
678
984
242
465
135
771
779
604
619
367
49
217
168
398
717
972
72
742
862
757
749
440
587
293
708
983
109
575
101
113
281
779
506
778
497
11
317
971
832
848
700
286
187
373
912
623
796
620
920
973
48
687
687
442
698
223
774
121
442
370
951
603
135
833
237
547
754
212
297
272
475
967
331
465
684
146
191
673
337
98
912
651
423
836
879
639
681
59
386
793
361
594
733
724
459
94
541
529
509
187
7
610
106
763
720
719
222
652
588
509
171
139
500
877
575
56
829
378
364
623
666
715
709
843
950
862
473
165
38
868
545
292
746
994
934
416
129
667
267
240
744
632
895
542
657
833
982
683
556
973
463
926
129
531
143
589
243
991
640
38
3
687
456
557
383
341
413
208
307
477
753
739
35
681
598
150
972
917
907
723
561
701
790
191
834
41
69
675
348
876
749
2
21
378
854
632
337
721
408
616
359
616
583
548
845
374
813
103
168
782
267
409
552
996
493
942
257
53
523
210
888
389
279
711
398
149
749
473
502
476