215
305
613
14
990
426
506
292
855
378
248
185
229
75
321
275
963
871
214
408
782
610
784
942
893
525
526
495
46
711
960
739
336
454
93
283
320
820
799
176
674
326
407
227
672
578
279
672
79
457
921
356
584
685
329
146
492
726
624
932
589
554
969
106
938
917
365
161
373
711
409
928
852
519
584
963
768
550
155
749
714
946
438
76
180
391
579
371
634
931
10
291
321
580
921
249
446
990
942
587
791
19
791
633
68
172
513
52
861
928
819
16
63
251
97
776
709
593
539
381
545
632
82
140
284
603
905
637
765
127
791
78
614
885
813
447
328
268
447
792
848
941
732
226
310
77
287
555
655
625
287
55
495
910
300
818
294
150
477
49
785
864
951
567
842
836
324
642
614
367
142
315
648
741
751
849
222
121
558
964
797
27
886
568
245
122
823
225
117
776
987
379
916
126
162
514
758
664
134
154
621
571
821
336
27
882
211
827
315
160
938
787
825
849
130
1000
548
59
513
450
363
837
664
711
425
305
649
407
826
39
526
527
996
362
307
580
62
995
104
514
115
454
916
764
524
230
603
756
682
221
348
240
881
983
793
677
489
963
671
270
195
464
389
823
732
903
206
658
987
299
394
693
462
422
455
304
254
531
794
660
716
251
947
408
755
471
758
605
201
626
548
789
225
538
537
380
643
447
186
138
57
776
689
100
913
99
384
255
18
873
218
704
932
271
907
918
512
141
660
650
74
176
266
262
899
299
154
215
252
829
999
825
390
493
222
457
774
492
289
120
633
277
988
573
669
764
173
262
139
920
470
774
767
404
358
119
394
576
325
77
558
339
99
392
843
442
830
342
133
196
129
71
14
435
420
811
581
364
989
750
358
983
187
15
718
139
566
641
133
964
175
767
57
41
891
763
990
704
30
521
972
786
648
712
303
847
611
628
163
790
571
983
783
986
892
106
310
975
358
6
181
845
795
323
496
866
233
469
210
281
178
534
931
347
483
964
363
651
451
147
934
451
689
714
217
887
723
566
8
627
813
249
856
238
197
628
295
570
352
527
748
450
820
910
569
231
260
202
522
734
69
140
914
726
803
393
67
356
543
344
59
200
59
471
861
651
565
956
700
46
912
721
521
609
375
110
890
582
655
646
12
199
28
548
598
675
876
792
876
618
1000
296
421
282
324
798
438
57
212
395
707
36
854
74
628
531
674
111
357
599
625
316
554
669
722
146
367
155
360
136
685
562
80
954
380
583
705
152
399
456
89
40
370
979
844
531
257
808
819
649
927
223
443
57
247
914
494
702
152
513
95
841
982
50
665
694
707
638
672
802
171
118
534
7
762
951
484
870
178
956
526
904
98
986
716
489
83
132
848
557
734
868
999
362
474
771
819
597
137
533
831
656
412
461
571
347
659
221
475
332
256
566
876
189
407
383
207
782
755
496
306
265
793
149
675
384
477
724
179
5
368
995
573
405
886
598
690
22
453
694
637
232
828
243
655
933
224
29
700
34
588
621
262
788
513
686
959
898
419
281
464
492
715
192
278
343
306
605
164
988
82
488
679
20
179
506
329
136
718
827
364
632
177
355
15
444
553
804
288
861
396
313
954
676
102
514
862
181
899
881
754
271
241
451
238
805
988
672
377
944
806
290
939
170
51
879
602
628
3
688
508
291
73
685
976
882
916
529
512
409
779
716
520
398
840
687
252
80
882
974
394
170
42
827
895
407
825
346
548
221
998
411
894
934
419
175
319
342
300
665
136
762
716
356
831
589
494
796
652
951
337
830
153
56
617
1000
487
428
113
845
361
294
713
582
537
350
726
436
578
841
302
630
941
896
704
906
26
276
24
648
627
235
389
560
775
547
903
653
273
289
747
816
76
630
6
553
322
299
417
804
76
781
213
139
179
437
651
503
54
338
834
906
387
626
837
840
953
13
40
373
640
720
984
811
64
940
456
218
816
969
410
910
520
934
116
986
737
314
710
980
693
479
68
916
330
115
759
550
752
287
44
950
170
645
56
316
724
755
633
886
720
521
915
910
151
259
887
235
196
115
580
267
236
763
923
400
919
275
999
853
174
852
173
671
263
916
724
626
857
116
876
533
494
648
703
69
509
658
220
475
703
704
245
564
445
94
749
249
35
170
266
969
833
713
297
951
493
454
235
241
243
495
75
683
32
680
113
854
841
442
762
367
538
858
625
467
225
38
385
735
691
416
912
681
91
57
484
145
174
417
357
208
170
987
984
642
82
238
40
366
89
560
657
909
611
801
430
23
821
563