32
701
464
261
14
577
846
8
438
267
791
560
958
12
266
474
664
551
271
176
249
4
273
100
38
485
308
565
442
294
957
98
3
276
237
377
654
242
9
9
61
973
604
291
612
942
665
511
961
577
376
626
612
910
396
203
573
532
376
176
458
54
852
977
930
380
174
436
639
554
900
412
254
425
66
28
696
357
912
322
946
991
775
945
83
660
624
501
419
219
412
113
341
159
289
692
699
169
818
659
848
679
847
828
113
856
64
533
805
754
30
585
116
937
118
639
98
379
490
26
753
307
148
47
106
691
863
390
626
913
347
147
447
933
514
350
242
300
360
903
978
926
921
901
480
621
598
751
748
872
775
67
8
571
976
228
551
279
868
477
906
722
175
224
999
631
903
724
167
573
554
651
461
374
130
455
558
204
609
980
59
84
909
137
933
191
655
501
255
520
285
769
684
531
750
520
939
268
320
141
356
26
620
533
660
571
280
163
792
488
258
516
340
435
922
341
911
670
966
712
671
666
946
361
910
204
697
398
888
558
118
863
321
538
733
368
810
374
970
40
194
271
751
31
57
62
133
778
905
444
177
503
824
879
716
842
472
775
546
581
968
968
19
700
228
437
628
260
842
187
296
102
344
40
159
20
513
5
920
469
849
665
528
647
314
173
316
312
468
622
202
901
313
938
962
380
571
289
816
187
351
996
467
517
720
621
383
720
371
982
845
81
261
578
71
643
518
276
295
547
183
202
5
824
241
355
675
67
843
509
925
867
781
350
73
315
802
414
937
761
94
806
600
429
884
84
657
878
433
386
582
418
742
633
985
679
686
161
14
278
172
957
743
828
208
63
386
755
378
393
633
343
195
68
12
866
540
437
755
646
261
5
482
239
876
600
869
518
84
627
302
379
673
738
733
526
524
104
800
263
14
529
574
361
886
846
597
827
483
974
241
882
216
305
645
98
828
40
109
9
96
17
118
577
249
469
48
416
52
659
194
341
337
113
274
644
970
257
680
824
338
119
256
455
771
624
917
652
877
249
94
5
687
660
323
752
489
707
88
540
555
569
679
283
84
47
400
398
667
808
974
245
342
984
368
412
80
777
39
901
465
110
325
778
206
993
722
764
655
790
881
73
59
812
389
57
783
44
281
725
646
393
93
325
665
189
856
7
844
893
989
728
401
310
624
202
965
53
850
366
45
79
439
329
22
325
413
163
77
1000
887
427
159
962
486
872
253
747
547
460
794
528
696
673
838
570
410
241
305
478
645
8
394
361
29
314
210
808
858
470
95
617
913
60
812
517
212
290
574
591
475
110
692
33
805
457
26
271
360
772
278
256
348
713
779
83
839
786
738
718
686
361
628
485
375
896
966
63
635
269
213
271
230
477
493
447
172
767
429
267
991
601
615
522
437
281
559
319
769
986
311
142
452
484
840
837
248
582
226
300
707
869
749
599
520
691
847
381
783
808
161
866
835
57
932
716
547
44
504
668
175
791
330
937
192
403
702
251
225
407
481
158
806
632
838
622
309
258
457
540
254
373
945
638
704
864
213
795
540
294
95
59
228
288
600
127
96
291
308
863
315
369
478
980
269
891
67
190
984
131
810
373
609
625
433
757
657
331
616
216
522
202
731
965
940
192
860
193
512
478
268
209
833
97
706
466
673
902
445
699
576
623
175
185
708
150
435
385
460
435
773
70
160
274
236
143
278
110
947
751
65
953
480
542
357
780
879
153
259
648
543
270
609
337
271
816
683
467
561
677
418
814
159
465
966
547
627
261
921
964
739
754
352
49
127
901
515
29
972
24
961
896
534
76
994
196
524
788
206
179
3
266
838
484
684
493
193
448
819
878
539
114
755
932
492
825
750
550
436
175
71
56
897
643
409
617
71
416
437
413
460
855
951
774
172
113
608
64
917
366
712
420
479
9
502
469
833
145
88
652
656
182
377
97
129
806
655
44
241
136
31
942
261
909
612
721
531
624
382
746
22
41
613
594
680
952
60
132
979
943
549
721
830
307
26
332
77
759
606
542
65
64
428
953
149
937
232
644
404
970
663
796
369
963
553
861
942
789
298
574
602
642
809
304
386
318
457
600
889
842
628
776
467
919
82
243
504
331
116
280
631
681
286
699
104
221
47
992
271
190
71
17
665
288
774
171
103
826
559
735
528
699
730
277
171
51
612
396
281
540
627
297
185
340
472
818
549
245
143
883
105
71
471
264
883
870
324
519
853
437
909
865
858
362
471
86
695
389
919
308
826
868
130
411
154
310
854
742
134
757