11
514
905
487
190
936
851
458
307
301
203
955
669
174
872
814
79
443
873
453
551
561
155
710
421
878
217
206
338
559
868
312
143
195
978
98
786
166
650
171
900
914
133
955
307
79
814
921
722
499
175
292
530
284
626
259
806
562
942
858
262
34
605
331
104
119
377
796
72
95
906
315
264
356
171
548
549
22
640
606
518
696
433
438
179
671
113
986
202
909
612
462
1
905
87
235
405
202
109
531
956
786
427
608
972
55
74
634
815
147
567
699
805
326
771
602
156
826
586
562
252
622
69
326
576
62
354
214
463
467
276
42
243
718
628
665
554
856
978
431
625
650
29
114
51
746
12
371
685
256
386
578
983
21
31
856
359
641
33
191
719
755
767
930
391
505
47
190
586
316
826
87
902
746
475
828
84
543
939
909
790
638
170
852
96
13
315
289
920
94
242
142
92
399
477
179
91
865
78
325
713
542
896
909
410
371
940
295
358
285
393
210
478
133
301
753
330
331
641
951
287
228
637
841
881
677
760
888
334
886
343
197
735
540
471
549
195
711
790
913
455
205
52
141
633
954
487
225
148
907
158
71
783
470
759
319
45
667
992
195
339
459
617
389
297
555
441
146
529
643
559
317
959
176
99
518
353
974
329
601
185
994
261
732
871
80
262
363
669
747
882
789
88
623
810
890
340
724
665
781
935
932
291
500
757
814
992
910
487
763
725
98
1000
231
543
447
757
712
861
42
821
476
571
143
727
640
160
480
75
691
471
251
467
12
172
266
900
67
193
950
560
426
837
843
373
666
247
536
677
146
567
830
815
557
881
388
855
170
286
325
488
996
47
237
344
730
751
92
243
592
732
78
811
484
217
60
806
238
578
331
286
36
542
28
589
41
497
699
165
790
407
558
942
593
243
969
523
730
723
817
965
877
529
913
155
329
563
945
469
927
182
22
110
27
393
707
590
484
970
468
598
784
247
207
833
14
829
345
622
452
73
806
181
684
370
419
993
589
838
654
226
777
618
198
312
482
451
45
819
203
542
861
554
835
567
909
66
292
95
228
107
590
166
971
35
285
555
302
34
449
192
732
428
959
38
148
391
675
131
736
655
151
244
19
403
458
575
822
836
728
731
496
342
766
40
578
2
211
429
292
352
574
346
227
389
979
979
947
643
703
395
985
744
180
25
194
990
510
234
580
614
74
993
857
868
304
348
748
258
563
365
20
874
758
291
653
486
482
821
100
841
64
294
567
451
615
854
53
151
642
78
921
57
849
977
965
332
52
505
107
391
662
854
803
143
774
671
774
330
452
535
319
249
25
605
300
712
190
812
277
637
185
479
971
182
638
795
410
18
292
709
92
337
91
341
352
569
44
735
352
449
287
621
807
203
627
736
990
891
873
594
54
926
493
894
461
509
29
491
133
100
269
551
107
896
542
554
800
651
344
71
66
320
494
270
133
909
596
947
950
499
560
911
490
878
31
850
638
2
505
378
903
687
904
378
463
607
379
633
671
25
551
731
263
933
460
434
434
529
780
868
420
162
974
251
184
64
486
120
22
521
597
293
93
477
528
550
843
593
966
192
622
387
254
127
506
522
900
808
459
805
195
944
995
947
680
181
450
813
952
524
85
905
69
782
23
451
639
162
647
565
952
573
26
747
566
58
542
508
172
133
943
280
768
72
545
209
859
125
342
765
554
34
915
199
265
284
483
366
217
61
327
338
917
670
607
599
222
5
97
59
427
846
722
874
733
334
400
366
270
687
310
675
239
134
590
582
145
970
202
990
981
482
83
810
196
858
815
747
104
344
982
624
125
718
888
457
14
193
707
142
425
842
585
118
365
142
148
840
410
579
22
136
702
848
688
788
617
255
871
687
546
250
271
714
775
629
220
38
644
107
103
539
111
855
45
274
873
526
868
957
330
577
750
232
579
684
639
568
380
37
851
832
676
488
965
103
558
718
245
872
757
510
998
234
165
488
985
523
682
580
446
474
620
960
538
141
37
994
826
62
771
38
906
531
88
203
354
672
443
575
298
581
57
221
928
343
741
969
933
963
620
383
641
792
809
717
667
501
310
454
197
469
307
492
964
896
836
410
289
304
498
944
625
40
691
92
686
618
2
325
433
585
647
910
982
55
39
407
710
776
13
161
728
209
71
521
961
995
260
437
26
746
254
172
143
62
981
503
355
854
893
877
454
795
876
588
76
893
703
604
119
30
243
78
873
360
741
724
201
374
126
20
414
347
866
982
330
690
948
837
580
321
54
89
718
25
5
427
509