1
24
24
33
55
97
137
139
161
163
195
203
213
215
241
254
286
289
290
330
341
345
359
386
403
403
406
410
423
435
451
455
456
460
478
507
565
566
600
601
604
605
618
621
649
649
658
659
674
681
687
689
707
712
718
724
733
752
774
802
817
823
825
854
856
876
888
888
899
903
922
931
933
935
981
990
993
998
1005
1023
1048
1064
1064
1068
1083
1085
1107
1117
1150
1184
1196
1202
1225
1245
1250
1251
1264
1264
1269
1283
1307
1319
1339
1365
1370
1377
1394
1396
1404
1416
1427
1470
1471
1479
1484
1509
1515
1529
1564
1572
1575
1576
1576
1591
1615
1640
1654
1671
1671
1680
1687
1729
1747
1749
1761
1791
1798
1806
1829
1831
1861
1868
1872
1877
1880
1894
1957
1969
1969
1970
1977
1980
1993
2013
2030
2037
2054
2079
2084
2137
2149
2173
2175
2187
2201
2226
2259
2263
2286
2288
2298
2301
2311
2314
2323
2334
2335
2370
2381
2385
2435
2473
2474
2504
2525
2552
2557
2562
2593
2594
2620
2622
2638
2662
2697
2697
2703
2720
2724
2739
2742
2758
2770
2777
2789
2803
2820
2852
2859
2859
2872
2889
2890
2904
2911
2937
2978
2990
2997
3019
3025
3075
3075
3085
3108
3121
3165
3166
3168
3179
3197
3198
3213
3226
3245
3250
3254
3273
3295
3319
3373
3400
3416
3426
3436
3440
3450
3496
3500
3505
3558
3559
3577
3579
3580
3587
3595
3669
3677
3712
3739
3746
3751
3757
3762
3765
3768
3773
3784
3814
3823
3824
3824
3829
3840
3850
3895
3904
3913
3924
3944
3950
3951
3967
3976
3995
4000
4008
4012
4016
4023
4033
4034
4043
4058
4059
4060
4062
4088
4117
4125
4146
4148
4152
4167
4183
4192
4193
4193
4204
4221
4223
4244
4267
4290
4292
4301
4303
4304
4323
4350
4364
4367
4371
4381
4389
4399
4407
4421
4426
4431
4450
4475
4491
4493
4506
4522
4527
4529
4540
4562
4582
4590
4606
4609
4623
4630
4631
4639
4647
4649
4664
4675
4686
4688
4702
4717
4720
4729
4743
4759
4782
4802
4803
4859
4861
4863
4876
4887
4888
4890
4916
4931
4943
4956
4972
4978
4980
4986
4992
4997
5004
5050
5052
5057
5061
5096
5140
5150
5223
5246
5256
5268
5294
5309
5309
5346
5347
5361
5375
5376
5376
5383
5390
5397
5406
5406
5410
5413
5420
5420
5444
5464
5471
5475
5481
5487
5522
5523
5536
5544
5548
5607
5607
5617
5629
5629
5661
5687
5695
5720
5728
5729
5755
5785
5839
5847
5854
5860
5863
5868
5887
5913
5951
5962
5965
5967
5982
5998
6026
6060
6073
6084
6089
6152
6154
6172
6177
6208
6213
6238
6248
6281
6290
6292
6292
6305
6324
6388
6390
6420
6422
6436
6439
6441
6459
6468
6535
6550
6554
6617
6622
6630
6630
6683
6714
6729
6747
6767
6828
6829
6896
6897
6922
6928
6929
6932
6952
6970
6974
6979
7011
7020
7026
7033
7036
7051
7065
7068
7071
7071
7078
7104
7109
7119
7121
7128
7139
7140
7150
7152
7157
7166
7167
7211
7223
7223
7225
7246
7253
7264
7264
7273
7275
7282
7289
7300
7321
7323
7332
7355
7367
7371
7372
7389
7397
7400
7412
7428
7452
7468
7490
7492
7509
7533
7565
7572
7580
7590
7595
7600
7612
7621
7629
7634
7654
7661
7662
7665
7668
7685
7695
7705
7706
7711
7744
7753
7779
7786
7792
7795
7814
7819
7830
7841
7877
7881
7896
7904
7927
7941
7942
7957
7974
7989
8021
8021
8034
8061
8092
8101
8109
8123
8145
8155
8184
8195
8197
8201
8220
8280
8296
8301
8301
8305
8309
8315
8324
8339
8345
8347
8363
8366
8387
8388
8433
8459
8460
8497
8499
8505
8524
8528
8530
8546
8588
8590
8601
8630
8664
8679
8694
8704
8722
8736
8747
8760
8788
8795
8807
8811
8820
8828
8828
8840
8843
8844
8848
8855
8864
8877
8885
8907
8908
8909
8917
8959
8960
8964
9000
9008
9022
9023
9046
9056
9075
9094
9095
9096
9100
9100
9124
9141
9148
9155
9179
9191
9202
9204
9246
9257
9262
9264
9278
9279
9297
9317
9349
9363
9376
9383
9385
9398
9410
9412
9442
9443
9495
9498
9506
9516
9520
9523
9537
9554
9584
9587
9603
9611
9613
9620
9644
9653
9664
9667
9681
9699
9703
9707
9712
9712
9765
9769
9780
9782
9789
9810
9825
9825
9839
9864
9868
9892
9912
9920
9932
9982
9982
9992
9996
---------
2
15
63
63
64
76
83
95
101
113
143
147
151
155
156
172
193
208
219
230
253
302
326
327
339
341
351
366
367
387
400
402
402
406
409
424
425
429
433
442
443
460
461
479
481
490
492
493
500
520
540
548
555
558
561
601
648
677
693
695
702
720
721
753
758
806
823
832
854
881
887
905
905
919
952
952
975
994
1003
1010
1023
1045
1055
1064
1076
1086
1099
1104
1107
1114
1119
1140
1140
1170
1177
1181
1192
1194
1222
1234
1236
1240
1241
1250
1251
1257
1265
1274
1278
1286
1301
1310
1316
1323
1330
1346
1362
1383
1398
1408
1417
1423
1469
1478
1498
1539
1540
1587
1588
1593
1609
1636
1658
1699
1703
1715
1718
1719
1720
1736
1744
1746
1759
1760
1787
1802
1804
1826
1833
1870
1897
1904
1921
1923
1955
1957
1964
1968
1968
1968
1980
1985
1999
2016
2023
2025
2045
2050
2069
2094
2105
2117
2120
2130
2138
2141
2159
2159
2161
2162
2176
2235
2247
2251
2264
2293
2299
2306
2314
2340
2346
2358
2361
2362
2375
2379
2392
2392
2410
2425
2432
2464
2471
2489
2495
2518
2525
2547
2559
2568
2588
2605
2611
2616
2624
2625
2633
2647
2664
2693
2715
2734
2734
2754
2783
2784
2787
2807
2820
2827
2832
2842
2858
2864
2904
2912
2931
2955
2964
3000
3003
3008
3016
3018
3027
3043
3047
3052
3072
3100
3105
3108
3121
3139
3152
3154
3165
3170
3170
3180
3192
3199
3201
3205
3209
3212
3282
3304
3312
3326
3373
3418
3439
3450
3457
3524
3553
3562
3583
3598
3602
3604
3637
3654
3660
3660
3663
3668
3688
3712
3714
3749
3751
3757
3765
3774
3794
3809
3838
3850
3862
3891
3893
3919
3921
3927
3933
3935
3954
3959
3964
3994
4029
4055
4076
4140
4145
4153
4188
4192
4205
4207
4212
4217
4218
4231
4234
4285
4287
4313
4335
4355
4360
4396
4419
4423
4451
4464
4475
4524
4526
4530
4538
4578
4609
4618
4633
4648
4670
4689
4722
4728
4728
4739
4784
4786
4796
4814
4824
4847
4868
4870
4896
4899
4908
4931
4932
4942
4942
4962
4995
5012
5025
5031
5045
5052
5075
5079
5084
5094
5112
5114
5125
5131
5145
5146
5150
5155
5159
5164
5165
5171
5182
5194
5196
5213
5265
5267
5279
5279
5292
5298
5301
5373
5376
5397
5399
5413
5431
5442
5446
5463
5469
5499
5513
5523
5531
5534
5534
5537
5540
5579
5619
5628
5634
5637
5649
5650
5660
5685
5700
5701
5705
5718
5722
5733
5736
5772
5792
5795
5821
5829
5835
5845
5882
5884
5884
5893
5904
5914
5946
5965
5971
5973
5974
6004
6015
6031
6033
6050
6050
6071
6119
6152
6185
6187
6192
6207
6224
6233
6239
6243
6286
6292
6307
6312
6321
6368
6374
6392
6398
6409
6432
6436
6439
6439
6466
6483
6494
6501
6521
6532
6571
6571
6572
6587
6589
6600
6623
6657
6665
6670
6673
6698
6743
6744
6761
6775
6777
6782
6783
6789
6790
6828
6872
6892
6901
6903
6907
6915
6934
6940
6949
6979
6987
7006
7082
7102
7115
7154
7169
7210
7214
7217
7221
7228
7238
7255
7266
7281
7302
7313
7316
7334
7353
7400
7413
7420
7433
7466
7479
7505
7512
7515
7523
7525
7530
7538
7554
7555
7573
7576
7590
7610
7621
7632
7633
7638
7641
7661
7662
7677
7695
7710
7725
7734
7736
7748
7751
7764
7769
7777
7812
7825
7852
7855
7861
7907
7916
7916
7932
7940
7941
7942
7948
7963
7970
7977
7981
7982
7983
7989
7992
7993
8048
8050
8112
8113
8150
8164
8173
8182
8183
8191
8192
8193
8211
8219
8226
8234
8255
8265
8279
8314
8314
8320
8321
8323
8331
8338
8338
8343
8346
8362
8370
8385
8388
8391
8450
8451
8469
8475
8498
8507
8508
8518
8554
8556
8579
8591
8595
8637
8652
8680
8681
8707
8708
8710
8725
8731
8775
8776
8805
8815
8852
8856
8857
8875
8880
8891
8895
8900
8929
8959
8968
8975
8975
8992
9038
9039
9042
9072
9106
9118
9118
9123
9126
9133
9134
9138
9157
9158
9158
9160
9212
9216
9228
9248
9250
9308
9309
9315
9320
9321
9356
9375
9375
9389
9429
9431
9453
9476
9496
9501
9556
9596
9616
9638
9647
9657
9667
9677
9688
9712
9715
9732
9766
9793
9797
9805
9815
9827
9842
9855
9857
9872
9884
9914
9917
9921
9927
9941
9941
9949
9951
9954
9959
9973
9979
9982
---------
8
8
21
21
39
52
59
73
76
78
81
104
113
114
114
118
118
123
139
144
151
155
177
195
235
264
269
294
301
311
318
355
375
381
407
414
421
433
442
444
478
483
505
515
517
533
536
539
555
558
597
610
616
630
643
655
666
670
681
693
701
736
766
773
786
799
804
805
810
811
817
835
841
845
894
948
956
965
983
987
996
1010
1014
1018
1022
1029
1034
1034
1040
1046
1052
1052
1082
1114
1133
1139
1142
1144
1157
1180
1186
1193
1201
1220
1224
1225
1259
1275
1275
1276
1285
1291
1294
1298
1314
1334
1335
1345
1346
1349
1350
1353
1356
1363
1363
1370
1371
1383
1385
1427
1439
1467
1471
1491
1493
1499
1510
1522
1538
1542
1563
1614
1681
1704
1738
1762
1778
1780
1805
1805
1825
1828
1839
1848
1860
1879
1883
1894
1904
1917
1932
1937
1965
1971
2001
2006
2027
2029
2031
2033
2044
2095
2105
2118
2137
2138
2164
2169
2212
2219
2231
2232
2245
2252
2288
2312
2323
2337
2351
2363
2374
2394
2421
2425
2425
2440
2443
2459
2463
2479
2536
2546
2569
2573
2615
2626
2627
2638
2644
2665
2685
2691
2695
2703
2728
2736
2764
2775
2830
2839
2849
2859
2868
2873
2884
2924
2939
2946
2957
2959
2984
3009
3033
3040
3055
3058
3067
3069
3101
3109
3113
3117
3137
3157
3168
3169
3177
3183
3199
3207
3235
3248
3271
3274
3303
3310
3314
3330
3342
3344
3353
3358
3367
3390
3456
3484
3535
3563
3569
3572
3577
3579
3580
3585
3609
3666
3673
3693
3700
3711
3715
3748
3767
3805
3815
3821
3837
3855
3857
3859
3875
3876
3892
3900
3909
3915
3918
3936
3936
3940
3940
3961
3972
3980
3980
3988
3994
4003
4052
4067
4076
4086
4095
4119
4143
4160
4166
4170
4180
4185
4187
4193
4202
4213
4217
4249
4291
4324
4326
4335
4382
4399
4401
4402
4402
4406
4409
4410
4411
4429
4491
4494
4497
4506
4529
4539
4574
4576
4576
4577
4586
4598
4624
4632
4634
4638
4644
4654
4658
4675
4678
4703
4705
4705
4708
4713
4718
4719
4728
4729
4743
4749
4757
4766
4780
4791
4822
4826
4854
4872
4873
4924
4954
4994
5009
5021
5026
5055
5055
5063
5085
5099
5102
5137
5142
5163
5164
5171
5179
5189
5220
5246
5287
5290
5291
5307
5319
5331
5375
5378
5378
5381
5385
5403
5407
5414
5415
5429
5449
5459
5508
5520
5525
5539
5556
5579
5609
5623
5631
5632
5633
5638
5654
5662
5678
5709
5717
5721
5730
5732
5768
5768
5775
5795
5802
5818
5874
5889
5892
5895
5912
5912
5926
5932
5963
5963
5963
5980
6094
6100
6112
6136
6151
6156
6175
6180
6188
6190
6216
6218
6254
6257
6257
6274
6293
6341
6346
6364
6366
6378
6392
6405
6416
6431
6439
6448
6493
6510
6514
6516
6532
6538
6539
6567
6572
6589
6605
6623
6628
6662
6663
6686
6689
6699
6732
6732
6734
6749
6753
6802
6817
6852
6870
6872
6876
6877
6898
6924
6927
6931
6935
6945
6946
6953
6964
6967
6984
6988
7003
7004
7026
7048
7071
7105
7106
7122
7132
7144
7153
7154
7161
7178
7202
7206
7208
7227
7231
7247
7263
7315
7319
7325
7355
7359
7420
7422
7434
7438
7475
7480
7486
7507
7519
7547
7579
7610
7620
7622
7635
7651
7681
7683
7684
7710
7733
7752
7757
7786
7789
7792
7811
7817
7829
7830
7843
7845
7846
7851
7853
7858
7899
7903
7915
7959
7989
7991
8013
8016
8028
8059
8079
8080
8092
8105
8112
8136
8153
8158
8195
8206
8210
8215
8218
8232
8267
8288
8291
8320
8322
8330
8340
8349
8360
8369
8369
8371
8377
8379
8389
8391
8392
8418
8426
8451
8466
8469
8501
8512
8545
8573
8583
8584
8596
8620
8646
8648
8663
8691
8709
8714
8714
8730
8731
8744
8745
8764
8764
8768
8773
8775
8790
8838
8846
8854
8871
8895
8898
8909
8909
8930
8935
8964
8976
8985
8991
9035
9040
9086
9095
9104
9153
9171
9177
9180
9201
9215
9238
9243
9254
9266
9273
9281
9283
9295
9298
9302
9303
9310
9326
9351
9357
9371
9377
9379
9406
9410
9424
9438
9445
9447
9458
9470
9499
9506
9574
9591
9606
9617
9619
9642
9645
9666
9668
9672
9681
9693
9698
9718
9747
9749
9752
9754
9757
9773
9777
9787
9797
9811
9823
9826
9828
9831
9843
9910
9944
9948
9954
9961
9965
9971
---------
5
69
79
117
120
160
170
175
183
197
204
210
237
246
250
297
304
354
363
371
383
384
390
394
427
436
439
449
457
490
519
602
602
605
609
628
653
657
671
692
702
706
719
745
774
781
806
811
827
842
842
859
904
944
955
980
993
1016
1039
1045
1081
1085
1092
1100
1147
1182
1189
1225
1243
1262
1275
1281
1314
1315
1330
1355
1376
1410
1420
1426
1431
1432
1434
1439
1449
1465
1468
1478
1483
1497
1506
1530
1531
1531
1543
1572
1573
1574
1575
1584
1588
1591
1596
1601
1647
1649
1651
1698
1699
1708
1713
1715
1720
1736
1736
1750
1765
1789
1793
1802
1807
1811
1821
1837
1851
1859
1865
1866
1866
1869
1882
1885
1898
1900
1912
1913
1935
1950
1963
1964
1994
2006
2008
2013
2020
2024
2027
2032
2047
2052
2074
2091
2095
2096
2096
2120
2129
2135
2139
2141
2158
2158
2190
2200
2208
2211
2227
2290
2294
2317
2333
2336
2362
2364
2372
2385
2386
2407
2408
2436
2450
2471
2480
2502
2550
2555
2560
2566
2568
2572
2615
2624
2651
2665
2689
2699
2712
2762
2787
2797
2807
2809
2811
2816
2821
2906
2908
2911
2916
2916
2918
2956
2956
2979
2980
2996
3014
3020
3021
3054
3054
3057
3083
3100
3119
3144
3158
3163
3165
3166
3175
3178
3194
3201
3231
3272
3302
3318
3336
3339
3364
3395
3419
3424
3431
3449
3452
3475
3489
3496
3506
3519
3532
3552
3568
3611
3622
3624
3624
3633
3639
3649
3650
3650
3653
3659
3662
3663
3665
3697
3723
3735
3736
3736
3739
3745
3756
3758
3772
3821
3826
3829
3833
3859
3873
3878
3882
3886
3900
3920
3933
3953
3964
3968
3973
4032
4035
4059
4086
4114
4138
4146
4153
4158
4187
4191
4218
4221
4247
4279
4280
4280
4294
4310
4349
4352
4368
4376
4394
4399
4405
4424
4432
4437
4443
4457
4458
4466
4478
4479
4482
4496
4523
4525
4526
4556
4571
4591
4600
4620
4629
4634
4644
4670
4677
4693
4722
4727
4748
4760
4772
4782
4787
4794
4820
4822
4853
4863
4868
4870
4884
4893
4896
4909
4925
4944
4949
4953
4953
4953
4956
4970
4975
4979
4996
5000
5001
5012
5019
5024
5030
5056
5066
5067
5106
5117
5126
5142
5184
5219
5224
5241
5242
5245
5271
5275
5283
5286
5299
5326
5329
5335
5351
5353
5384
5385
5385
5393
5412
5453
5477
5480
5492
5504
5508
5556
5569
5577
5588
5653
5659
5684
5710
5740
5770
5791
5803
5837
5867
5882
5897
5906
5914
5918
5926
5949
6018
6025
6030
6031
6044
6047
6056
6088
6125
6128
6143
6164
6173
6200
6217
6225
6243
6260
6268
6271
6284
6286
6300
6321
6338
6398
6399
6430
6434
6465
6469
6480
6485
6494
6511
6515
6536
6555
6569
6573
6628
6632
6647
6663
6694
6697
6707
6714
6716
6750
6765
6768
6771
6824
6833
6846
6872
6894
6904
6915
6926
6945
6950
6958
6967
6969
6980
6982
6988
6992
7003
7019
7022
7031
7040
7079
7085
7090
7092
7095
7099
7102
7106
7109
7111
7114
7117
7118
7126
7171
7174
7179
7182
7182
7186
7188
7192
7199
7227
7239
7273
7294
7314
7327
7348
7357
7366
7367
7371
7401
7416
7424
7444
7448
7457
7469
7488
7495
7514
7547
7588
7590
7624
7666
7667
7667
7673
7687
7709
7740
7757
7760
7804
7811
7821
7827
7834
7838
7845
7847
7853
7877
7880
7880
7898
7907
7918
7925
7935
7947
7955
7972
8006
8039
8045
8054
8055
8057
8083
8090
8094
8107
8114
8127
8143
8150
8175
8177
8178
8178
8179
8179
8193
8201
8240
8250
8251
8267
8302
8309
8310
8316
8318
8325
8332
8342
8344
8367
8376
8381
8381
8392
8420
8430
8434
8442
8464
8485
8498
8498
8512
8520
8534
8544
8545
8548
8583
8584
8654
8659
8677
8693
8704
8714
8750
8752
8754
8779
8787
8816
8826
8830
8856
8859
8872
8900
8914
8918
8943
8974
8987
8994
8997
9000
9003
9005
9005
9025
9028
9032
9039
9058
9117
9137
9151
9151
9180
9186
9186
9194
9194
9226
9236
9271
9273
9273
9278
9279
9285
9291
9306
9308
9324
9345
9368
9389
9424
9447
9456
9463
9488
9492
9519
9535
9538
9549
9553
9565
9570
9579
9582
9596
9601
9612
9614
9646
9668
9680
9685
9692
9719
9729
9761
9767
9771
9774
9781
9787
9787
9801
9808
9820
9849
9857
9860
9865
9866
9901
9906
9936
9947
9960
9999
9999
---------
10
25
38
42
56
68
72
80
105
117
140
142
159
202
207
253
256
273
292
301
308
325
370
378
385
438
453
455
504
506
507
515
516
531
540
550
553
555
568
596
599
611
612
626
643
650
653
660
665
669
669
679
707
753
789
797
826
840
841
842
879
893
901
910
913
925
954
958
961
968
968
992
1002
1029
1030
1030
1038
1054
1067
1084
1099
1103
1133
1165
1230
1232
1243
1265
1277
1319
1323
1335
1345
1350
1355
1404
1405
1420
1421
1469
1477
1481
1496
1518
1545
1546
1560
1564
1567
1576
1607
1609
1609
1633
1638
1642
1696
1699
1699
1708
1721
1730
1742
1751
1763
1771
1774
1787
1788
1802
1803
1813
1818
1819
1856
1857
1874
1881
1898
1914
1914
1941
1984
2021
2039
2041
2073
2104
2132
2135
2146
2152
2157
2168
2178
2219
2245
2246
2247
2251
2253
2261
2271
2295
2313
2331
2380
2385
2385
2407
2422
2424
2436
2442
2446
2450
2450
2451
2459
2459
2487
2488
2490
2496
2504
2518
2527
2564
2584
2586
2589
2591
2595
2613
2618
2628
2633
2639
2691
2718
2724
2730
2736
2739
2771
2771
2802
2804
2815
2824
2824
2840
2843
2845
2847
2865
2873
2896
2916
2927
2945
2953
2955
2972
3000
3002
3022
3026
3041
3043
3052
3060
3063
3063
3089
3090
3100
3124
3161
3163
3164
3164
3165
3171
3174
3198
3239
3246
3246
3250
3262
3266
3273
3282
3283
3286
3289
3294
3299
3313
3313
3333
3335
3360
3361
3383
3395
3403
3411
3418
3438
3446
3456
3463
3477
3484
3488
3517
3555
3577
3606
3610
3663
3684
3690
3693
3705
3711
3713
3719
3722
3740
3750
3815
3833
3857
3876
3879
3911
3915
3929
3947
3950
3950
3953
3958
3973
3984
4010
4010
4010
4012
4018
4022
4046
4070
4102
4104
4108
4140
4152
4171
4172
4188
4206
4274
4283
4303
4314
4316
4318
4333
4337
4348
4349
4352
4357
4358
4370
4379
4385
4386
4426
4432
4438
4461
4487
4508
4554
4588
4593
4653
4669
4670
4720
4723
4730
4742
4771
4771
4802
4813
4814
4820
4829
4841
4875
4880
4903
4927
4934
4948
4982
4994
4997
4998
5022
5022
5035
5049
5050
5100
5100
5105
5106
5114
5114
5122
5144
5145
5152
5154
5154
5162
5178
5178
5216
5229
5242
5256
5263
5291
5305
5308
5314
5332
5335
5339
5342
5354
5369
5377
5387
5394
5411
5424
5436
5451
5455
5468
5483
5488
5490
5507
5587
5600
5604
5620
5689
5748
5754
5823
5909
5910
5929
5945
5958
6001
6016
6043
6070
6089
6104
6110
6111
6113
6114
6121
6128
6130
6138
6140
6144
6155
6165
6182
6195
6203
6214
6221
6255
6285
6286
6292
6299
6322
6333
6351
6371
6389
6399
6404
6406
6408
6473
6486
6488
6494
6495
6505
6513
6519
6531
6548
6558
6558
6596
6603
6603
6607
6608
6617
6630
6633
6641
6674
6685
6690
6713
6730
6745
6758
6777
6782
6797
6802
6818
6833
6842
6858
6865
6886
6919
6926
6928
6950
6972
6978
6982
6987
7008
7020
7030
7033
7069
7072
7076
7084
7099
7157
7157
7167
7174
7183
7262
7271
7276
7279
7283
7320
7323
7324
7333
7376
7378
7389
7394
7406
7411
7418
7434
7452
7469
7492
7493
7502
7505
7531
7535
7552
7553
7557
7558
7586
7586
7598
7607
7621
7631
7647
7662
7663
7675
7677
7706
7715
7732
7770
7777
7780
7818
7856
7880
7896
7918
7934
7946
7954
7956
7960
7963
7973
7978
7986
7992
7993
8021
8032
8063
8083
8086
8101
8102
8127
8140
8207
8219
8234
8247
8254
8257
8263
8278
8282
8306
8311
8324
8331
8352
8353
8357
8380
8384
8391
8435
8442
8464
8510
8546
8554
8556
8562
8567
8570
8628
8634
8648
8649
8668
8678
8690
8704
8705
8715
8723
8728
8733
8749
8765
8779
8781
8783
8822
8827
8831
8848
8851
8868
8884
8907
8912
8914
8916
8968
8977
8980
8980
8981
8989
8990
9000
9017
9021
9033
9050
9051
9066
9079
9115
9115
9127
9138
9138
9140
9141
9144
9144
9164
9184
9192
9196
9204
9209
9241
9275
9278
9300
9310
9329
9337
9365
9393
9396
9398
9431
9436
9446
9452
9459
9477
9483
9536
9539
9546
9569
9592
9595
9599
9602
9605
9630
9659
9665
9670
9698
9704
9720
9743
9746
9772
9775
9798
9816
9820
9833
9835
9840
9842
9869
9870
9873
9875
9903
9923
9926
9933
9944
9951
9992
9994
---------
3
8
12
57
90
103
157
178
194
199
204
204
214
286
287
296
321
334
337
351
356
360
375
388
401
410
420
425
429
434
448
464
468
481
485
491
497
504
525
529
541
562
574
607
607
629
636
642
651
654
690
691
696
715
717
726
743
752
758
795
819
856
858
887
894
894
905
922
937
949
951
952
959
966
971
1000
1005
1033
1034
1049
1111
1112
1114
1131
1169
1184
1222
1223
1264
1279
1295
1319
1324
1327
1339
1344
1354
1355
1374
1407
1416
1428
1429
1432
1444
1457
1479
1502
1516
1537
1584
1593
1611
1629
1640
1655
1663
1666
1674
1686
1688
1715
1717
1731
1733
1735
1744
1746
1758
1759
1774
1791
1791
1798
1804
1804
1850
1852
1901
1908
1915
1932
1944
1984
1996
2002
2003
2015
2020
2024
2081
2084
2084
2087
2101
2113
2118
2118
2119
2133
2173
2174
2190
2198
2229
2232
2263
2266
2273
2275
2291
2317
2320
2323
2336
2359
2373
2378
2384
2393
2397
2399
2403
2413
2425
2432
2480
2489
2497
2499
2509
2527
2537
2540
2561
2567
2606
2618
2633
2636
2636
2646
2652
2665
2705
2735
2755
2760
2773
2777
2779
2779
2816
2823
2875
2890
2891
2907
2913
2960
2980
2986
2996
3000
3004
3070
3071
3074
3089
3094
3109
3121
3134
3135
3143
3148
3164
3183
3188
3194
3232
3252
3290
3312
3320
3356
3363
3365
3388
3410
3419
3435
3471
3507
3516
3518
3526
3528
3531
3537
3576
3577
3612
3614
3625
3657
3657
3695
3710
3722
3730
3748
3752
3754
3784
3796
3803
3804
3815
3840
3843
3852
3854
3863
3873
3895
3915
3928
3940
3943
3949
3961
3961
3968
3992
3992
4001
4004
4017
4020
4045
4056
4071
4099
4135
4139
4171
4173
4199
4200
4212
4213
4225
4278
4279
4287
4291
4302
4327
4340
4346
4351
4354
4417
4420
4443
4450
4451
4451
4475
4499
4513
4522
4541
4544
4554
4578
4584
4592
4605
4618
4622
4631
4643
4645
4659
4719
4723
4735
4738
4762
4773
4782
4792
4795
4807
4809
4811
4822
4836
4916
4944
4948
4950
4954
4959
4973
4975
4976
4989
4998
5010
5035
5045
5046
5049
5067
5101
5124
5125
5127
5135
5135
5147
5161
5177
5203
5244
5259
5278
5288
5293
5338
5339
5343
5366
5381
5381
5400
5424
5425
5448
5460
5462
5465
5467
5489
5493
5517
5520
5528
5533
5558
5594
5595
5597
5610
5623
5641
5671
5682
5720
5736
5741
5744
5745
5762
5764
5773
5787
5821
5824
5830
5839
5853
5853
5859
5887
5889
5928
5930
5950
5955
5968
5985
5989
5997
6002
6009
6050
6057
6065
6067
6069
6098
6119
6161
6163
6166
6175
6218
6218
6221
6221
6231
6231
6235
6241
6255
6272
6292
6311
6318
6362
6392
6393
6398
6424
6460
6461
6470
6471
6478
6487
6490
6494
6505
6507
6530
6548
6588
6594
6619
6622
6631
6653
6657
6661
6673
6695
6703
6722
6740
6776
6795
6806
6812
6814
6814
6818
6820
6837
6905
6966
6984
7001
7002
7003
7007
7023
7033
7039
7057
7060
7072
7089
7130
7140
7152
7154
7158
7178
7202
7206
7214
7222
7237
7242
7252
7265
7269
7289
7301
7306
7312
7326
7355
7358
7363
7382
7409
7416
7421
7427
7428
7451
7465
7466
7505
7521
7526
7547
7554
7564
7583
7595
7601
7606
7617
7617
7626
7632
7641
7646
7653
7654
7678
7680
7685
7703
7709
7712
7723
7724
7743
7803
7812
7824
7843
7863
7864
7877
7890
7897
7947
7949
7974
7987
8012
8015
8038
8043
8048
8062
8062
8072
8077
8081
8093
8095
8098
8114
8128
8129
8129
8152
8158
8162
8164
8170
8179
8198
8239
8274
8286
8314
8333
8340
8362
8387
8499
8513
8538
8542
8547
8559
8566
8578
8588
8607
8622
8653
8656
8657
8666
8704
8718
8724
8768
8769
8786
8814
8815
8820
8830
8831
8839
8865
8888
8890
8924
8942
8945
8955
8958
8961
8969
8977
8993
8995
9013
9023
9043
9050
9063
9100
9134
9142
9143
9157
9163
9168
9192
9211
9226
9234
9245
9246
9252
9253
9283
9284
9300
9303
9306
9316
9320
9366
9367
9386
9391
9410
9435
9437
9445
9446
9447
9467
9469
9497
9501
9511
9528
9548
9552
9569
9592
9631
9655
9680
9688
9724
9729
9730
9759
9764
9772
9780
9793
9793
9807
9822
9832
9835
9837
9844
9864
9885
9894
9908
9919
9925
9932
9935
9947
9958
9962
9963
9964
9974
---------
0
4
4
10
14
36
68
85
106
119
121
121
157
189
193
202
247
260
282
328
359
386
410
420
433
453
475
484
486
495
502
504
506
510
511
515
527
543
551
596
604
610
613
629
650
663
673
688
704
724
728
732
758
758
766
776
806
807
828
893
898
901
916
917
922
928
963
963
964
965
987
997
1003
1008
1020
1040
1103
1108
1109
1112
1144
1146
1241
1252
1257
1264
1289
1291
1297
1368
1396
1409
1413
1424
1428
1431
1432
1433
1452
1459
1481
1501
1514
1524
1571
1572
1585
1592
1594
1602
1609
1620
1630
1642
1644
1657
1659
1665
1690
1725
1748
1752
1755
1757
1763
1775
1788
1795
1799
1803
1837
1903
1909
1911
1912
1950
1956
1970
1987
1993
1997
2008
2010
2018
2033
2035
2077
2106
2119
2156
2166
2173
2182
2184
2186
2194
2194
2201
2204
2220
2222
2255
2260
2261
2275
2288
2304
2304
2314
2318
2330
2332
2340
2364
2367
2368
2373
2374
2379
2386
2401
2407
2435
2450
2453
2456
2476
2482
2499
2500
2522
2523
2535
2545
2546
2574
2603
2607
2608
2611
2626
2638
2662
2685
2709
2736
2737
2748
2758
2765
2786
2799
2799
2812
2830
2842
2846
2857
2886
2897
2900
2901
2901
2946
2953
2956
2965
2972
2981
2999
3007
3018
3026
3047
3056
3094
3099
3112
3114
3153
3165
3166
3173
3179
3197
3206
3210
3221
3246
3247
3265
3274
3278
3295
3329
3338
3348
3371
3403
3409
3444
3447
3453
3486
3493
3524
3544
3566
3627
3627
3664
3701
3707
3726
3744
3750
3768
3772
3786
3790
3804
3821
3823
3832
3832
3838
3842
3857
3862
3897
3902
3920
3946
3989
3993
4009
4017
4026
4033
4041
4053
4055
4071
4087
4104
4130
4143
4161
4170
4195
4273
4280
4288
4294
4299
4304
4322
4326
4383
4425
4437
4444
4444
4454
4471
4490
4495
4496
4517
4526
4539
4561
4576
4597
4612
4617
4626
4639
4645
4647
4669
4679
4695
4698
4705
4712
4713
4713
4737
4745
4779
4846
4850
4855
4855
4861
4879
4880
4888
4893
4917
4946
4957
4962
4962
4969
4972
4972
4975
4977
4979
4988
4996
5003
5009
5023
5050
5068
5088
5105
5105
5112
5123
5170
5186
5193
5206
5211
5213
5217
5236
5242
5281
5299
5316
5360
5361
5363
5364
5370
5373
5380
5384
5396
5399
5404
5427
5428
5433
5462
5485
5495
5510
5528
5541
5550
5567
5571
5585
5598
5602
5629
5635
5645
5674
5708
5738
5742
5748
5753
5754
5764
5770
5797
5810
5811
5812
5831
5835
5860
5865
5878
5891
5896
5904
5957
5962
5972
5976
5976
5977
5989
5993
5995
6017
6025
6031
6036
6037
6062
6063
6090
6128
6161
6177
6185
6186
6193
6199
6208
6227
6230
6232
6253
6266
6268
6283
6312
6336
6341
6343
6343
6355
6370
6375
6384
6407
6417
6421
6423
6441
6447
6463
6467
6484
6506
6521
6525
6563
6571
6575
6599
6620
6623
6651
6657
6667
6669
6701
6707
6746
6747
6750
6751
6758
6769
6770
6856
6864
6871
6907
6923
6928
6947
7008
7029
7077
7082
7096
7099
7113
7115
7148
7176
7194
7199
7215
7261
7262
7267
7272
7291
7318
7323
7324
7335
7336
7355
7369
7381
7395
7397
7404
7411
7416
7427
7436
7437
7454
7454
7455
7456
7457
7470
7489
7492
7538
7543
7554
7557
7571
7579
7601
7633
7648
7659
7692
7701
7711
7732
7739
7784
7794
7819
7839
7855
7868
7868
7879
7892
7895
7909
7913
7915
7932
7936
7938
7970
7988
7990
7996
8035
8045
8071
8081
8093
8099
8113
8116
8125
8131
8147
8187
8190
8208
8225
8232
8235
8238
8245
8263
8275
8277
8291
8303
8311
8344
8394
8402
8409
8419
8432
8436
8438
8442
8454
8455
8475
8480
8484
8488
8499
8523
8537
8559
8592
8596
8598
8599
8607
8651
8657
8663
8670
8675
8694
8697
8701
8708
8711
8726
8767
8847
8857
8867
8879
8888
8888
8890
8925
8983
9004
9011
9050
9056
9082
9092
9127
9132
9145
9165
9178
9181
9195
9214
9226
9249
9269
9278
9324
9337
9373
9385
9393
9398
9399
9405
9410
9417
9425
9457
9503
9530
9554
9565
9570
9574
9580
9580
9586
9592
9611
9619
9633
9634
9640
9642
9644
9646
9669
9671
9671
9684
9719
9725
9729
9732
9735
9779
9798
9802
9807
9809
9809
9834
9840
9841
9847
9855
9867
9870
9906
9913
9915
9932
9953
9958
9972
9979
9989
---------
0
50
104
113
116
125
126
129
187
228
240
252
259
288
291
303
335
336
338
374
376
376
403
412
424
433
473
496
504
511
512
525
526
563
569
617
629
633
652
662
664
669
676
728
735
756
756
773
780
788
793
799
806
813
896
908
926
927
934
941
943
964
967
971
978
986
993
1005
1011
1025
1036
1040
1044
1059
1066
1090
1144
1174
1176
1204
1224
1230
1232
1268
1268
1269
1274
1280
1283
1336
1349
1361
1367
1383
1390
1392
1393
1429
1434
1449
1449
1454
1455
1459
1468
1487
1503
1528
1536
1547
1558
1584
1591
1602
1602
1605
1610
1610
1624
1648
1651
1664
1671
1672
1680
1686
1702
1731
1734
1752
1755
1767
1775
1780
1800
1813
1813
1817
1819
1835
1842
1846
1846
1884
1888
1891
1917
1920
1927
1931
1932
1947
1970
1974
1984
1985
2001
2012
2062
2077
2120
2122
2139
2142
2143
2166
2202
2211
2241
2243
2245
2248
2248
2263
2277
2280
2281
2290
2303
2304
2372
2386
2396
2402
2402
2411
2418
2432
2472
2520
2524
2528
2538
2546
2548
2548
2569
2573
2579
2585
2617
2643
2643
2650
2674
2697
2704
2727
2734
2737
2749
2764
2769
2779
2782
2785
2795
2806
2809
2823
2823
2836
2841
2848
2859
2867
2872
2874
2891
2911
2920
2947
2956
2958
2994
3018
3021
3025
3032
3035
3041
3051
3085
3106
3119
3149
3152
3195
3198
3206
3243
3244
3301
3310
3332
3340
3356
3362
3365
3368
3391
3410
3414
3425
3428
3429
3430
3432
3467
3469
3477
3483
3485
3501
3501
3509
3513
3515
3537
3542
3547
3566
3567
3573
3587
3596
3610
3626
3632
3648
3651
3655
3663
3677
3694
3695
3698
3704
3721
3741
3744
3744
3782
3782
3807
3824
3826
3839
3839
3859
3869
3879
3922
3967
3973
3981
4007
4008
4008
4061
4067
4096
4122
4133
4138
4143
4165
4167
4193
4207
4216
4219
4229
4232
4246
4249
4255
4267
4297
4303
4304
4306
4321
4329
4336
4364
4368
4386
4389
4396
4408
4408
4431
4443
4486
4486
4497
4502
4524
4529
4530
4548
4558
4577
4578
4582
4609
4611
4611
4614
4656
4664
4671
4690
4698
4699
4706
4713
4773
4799
4807
4839
4886
4887
4911
4926
4978
4991
4996
5030
5031
5033
5051
5054
5090
5108
5117
5146
5151
5164
5198
5211
5229
5248
5301
5317
5321
5329
5333
5350
5366
5367
5372
5389
5412
5421
5425
5429
5447
5464
5482
5496
5512
5523
5557
5557
5568
5571
5589
5597
5624
5661
5703
5714
5719
5729
5739
5763
5769
5788
5810
5829
5840
5847
5879
5904
5909
5944
5948
5954
5966
5979
5998
6010
6021
6023
6029
6031
6035
6037
6048
6049
6063
6082
6095
6103
6124
6127
6157
6158
6161
6167
6199
6246
6253
6256
6262
6264
6269
6316
6327
6333
6335
6336
6370
6384
6402
6421
6432
6445
6475
6479
6488
6497
6503
6506
6525
6531
6541
6547
6554
6555
6584
6595
6600
6611
6620
6649
6700
6717
6789
6791
6794
6796
6797
6858
6865
6869
6899
6903
6924
6924
6937
6938
6944
6990
6998
7004
7020
7032
7037
7076
7076
7101
7102
7103
7133
7146
7157
7160
7162
7185
7198
7200
7201
7259
7271
7306
7315
7344
7361
7362
7365
7366
7380
7394
7396
7403
7421
7423
7428
7430
7438
7443
7456
7460
7482
7491
7494
7497
7510
7516
7534
7551
7555
7557
7567
7601
7633
7654
7654
7676
7690
7692
7698
7732
7748
7769
7773
7810
7842
7842
7846
7867
7869
7891
7899
7901
7909
7911
7917
7926
7950
7951
7961
7968
7981
7993
7997
8032
8068
8075
8076
8083
8099
8110
8123
8126
8129
8134
8177
8189
8205
8229
8241
8253
8257
8279
8288
8300
8315
8350
8368
8391
8409
8440
8443
8452
8454
8488
8494
8497
8513
8513
8530
8531
8645
8651
8692
8699
8710
8730
8735
8745
8757
8764
8789
8792
8794
8804
8817
8822
8824
8825
8838
8846
8848
8873
8900
8904
8906
8914
8915
8922
8945
8974
8979
8984
9041
9062
9065
9069
9071
9088
9091
9102
9164
9217
9232
9237
9280
9298
9312
9312
9339
9355
9384
9388
9430
9451
9493
9502
9507
9532
9538
9565
9596
9606
9609
9611
9625
9636
9644
9661
9672
9699
9713
9714
9720
9721
9746
9764
9788
9794
9820
9821
9823
9835
9835
9851
9857
9863
9879
9884
9886
9890
9903
9909
9912
9912
9919
9922
9930
9943
9953
9967
9976
9977
9980
9988
---------
