3
5
6
6
7
8
10
12
13
14
15
15
16
18
19
20
22
23
24
26
27
27
28
29
30
32
34
35
36
38
39
40
40
40
41
42
44
46
46
49
50
51
52
54
55
56
56
57
57
57
57
57
59
59
59
62
63
64
67
68
68
69
69
71
73
74
74
75
76
76
76
77
77
78
79
80
80
82
82
82
83
89
89
91
93
94
95
97
98
99
99
100
102
104
106
106
110
111
113
113
115
115
115
116
116
117
118
119
120
121
122
126
127
129
130
132
133
133
134
136
136
136
137
138
139
139
139
140
140
141
142
145
146
146
147
149
150
151
152
152
153
154
154
155
155
160
161
162
163
164
170
170
170
170
170
171
172
173
173
174
174
175
175
176
176
177
178
178
179
179
179
180
181
181
186
187
189
192
195
196
196
197
199
200
201
202
206
207
208
210
211
212
213
214
215
217
218
218
220
221
221
221
222
222
223
224
225
225
225
226
227
230
231
232
233
235
235
235
236
238
238
238
240
241
241
243
243
245
245
247
249
249
249
251
251
252
252
254
255
256
257
259
260
262
262
262
263
265
266
266
267
268
270
271
271
273
275
276
277
278
279
281
281
282
283
284
287
287
287
288
289
289
290
291
291
294
294
295
296
297
299
299
299
300
300
302
303
304
305
306
306
307
310
310
313
314
315
315
316
316
319
320
321
322
323
324
324
325
326
328
329
329
330
332
336
336
337
338
339
342
342
343
344
346
347
347
348
350
352
355
356
356
356
357
357
358
358
358
360
361
362
362
363
363
364
364
365
366
367
367
367
368
370
371
373
373
375
377
379
380
380
381
383
384
384
385
387
389
389
390
391
392
393
394
394
394
395
396
398
399
400
404
405
407
407
407
407
408
408
409
409
410
411
412
416
417
417
419
419
420
421
422
425
428
430
435
436
437
438
438
442
442
443
444
445
446
447
447
447
450
450
451
451
451
453
454
454
454
455
456
456
457
457
461
462
464
464
467
469
470
471
471
474
475
475
477
477
479
483
484
484
487
488
489
489
492
492
492
493
493
494
494
494
495
495
495
496
496
503
506
508
509
512
512
513
513
513
513
514
514
514
519
520
520
521
521
521
522
524
525
526
526
526
527
527
529
531
531
531
533
533
534
534
537
537
538
538
539
543
545
547
548
548
548
548
550
550
553
553
554
554
555
557
558
558
560
560
562
563
564
565
566
566
566
567
568
569
570
571
571
571
573
573
576
578
578
579
580
580
580
581
582
582
583
584
584
587
588
589
589
593
597
598
598
599
602
603
603
605
605
609
610
611
611
614
614
617
618
621
621
624
625
625
625
626
626
626
627
627
628
628
628
628
630
630
632
632
633
633
633
634
637
637
638
640
641
642
642
643
645
646
648
648
648
648
649
649
650
651
651
651
652
653
655
655
655
656
657
658
658
659
660
660
664
664
665
665
669
669
671
671
672
672
672
672
674
674
675
675
676
677
679
680
681
682
683
685
685
685
686
687
688
689
689
690
691
693
693
694
694
700
700
702
703
703
704
704
704
704
705
707
707
709
710
711
711
711
712
713
713
714
714
715
716
716
716
716
718
718
720
720
721
722
723
724
724
724
726
726
726
732
732
734
734
735
737
741
747
748
749
749
750
751
752
754
755
755
755
756
758
758
759
762
762
762
763
763
764
764
765
767
767
768
771
774
774
775
776
776
776
779
781
782
782
783
784
785
786
787
788
789
790
791
791
791
792
792
793
793
794
795
796
797
798
799
801
802
803
804
804
805
806
808
811
811
813
813
816
816
818
819
819
819
820
820
821
821
823
823
825
825
825
826
827
827
827
828
829
830
830
831
831
833
834
836
837
837
840
840
841
841
841
842
843
844
845
845
847
848
848
849
849
852
852
853
854
854
856
857
858
861
861
861
862
864
866
868
870
871
873
876
876
876
876
879
881
881
882
882
882
885
886
886
886
887
887
890
891
892
893
894
895
896
898
899
899
903
903
904
905
906
906
907
909
910
910
910
910
912
912
913
914
914
915
916
916
916
916
916
917
918
919
920
921
921
923
927
928
928
931
931
932
932
933
934
934
934
938
938
939
940
941
941
942
942
944
946
947
950
951
951
951
951
953
954
954
956
956
959
960
963
963
964
964
964
969
969
969
972
974
975
976
979
980
982
983
983
983
984
984
986
986
986
987
987
987
988
988
988
989
990
990
995
995
996
998
999
999
999
1000
1000
1000
1
2
2
2
3
4
6
7
8
11
11
12
14
14
15
15
15
16
19
19
20
20
20
21
21
23
25
27
29
31
32
33
35
35
36
38
38
40
41
41
42
44
47
48
48
49
49
52
53
53
56
56
59
59
60
61
62
63
64
69
69
69
70
71
71
72
73
74
74
76
79
80
82
82
86
90
91
91
93
94
94
96
96
97
98
100
101
101
103
105
106
106
109
109
111
113
114
117
118
119
119
121
122
123
125
127
128
129
129
129
131
133
133
133
133
134
135
135
135
135
136
137
139
139
141
143
144
145
146
146
146
147
148
149
149
150
150
152
152
153
155
155
156
159
160
161
162
163
163
163
165
165
166
166
166
168
168
168
169
171
171
173
173
173
175
176
176
177
179
184
184
186
187
187
188
188
189
190
191
191
191
191
195
195
199
200
201
203
204
204
206
206
207
208
210
210
210
211
212
217
217
218
222
222
222
223
223
224
225
225
226
227
228
230
232
235
237
237
237
238
240
241
242
242
243
245
245
245
245
247
249
252
252
253
254
255
256
257
259
260
261
262
264
264
265
267
267
268
270
271
272
272
272
272
273
278
279
281
281
283
284
284
285
286
286
287
290
291
292
292
293
293
293
293
294
294
295
295
296
297
302
303
305
307
313
313
313
313
317
318
319
319
319
322
322
323
324
325
326
327
327
328
330
331
331
334
334
335
336
337
337
339
341
343
343
343
343
345
345
346
348
352
354
355
355
356
357
357
358
358
359
359
361
361
361
362
362
364
364
365
365
367
368
368
370
372
372
373
374
375
376
377
377
378
378
378
382
383
384
384
385
386
387
387
387
389
389
389
390
390
391
392
393
395
398
398
398
401
402
404
406
408
409
411
411
411
413
415
416
416
417
419
419
420
420
420
421
423
424
424
425
425
425
425
433
436
439
440
440
440
442
442
442
442
443
443
445
448
448
449
449
450
451
452
452
452
454
455
455
456
457
458
459
459
459
459
459
460
462
463
463
464
465
465
465
466
466
467
469
471
471
471
473
473
473
473
475
475
475
476
476
477
477
484
484
484
486
488
488
488
489
489
490
490
491
491
493
497
499
500
502
503
504
505
505
506
507
507
508
508
508
509
509
509
509
510
510
512
513
513
513
517
518
519
520
523
523
527
529
529
529
529
529
531
531
531
533
534
535
535
537
538
539
539
539
541
542
542
542
543
545
545
546
547
548
548
551
552
554
555
556
556
557
561
561
563
565
565
567
567
568
571
574
575
575
576
576
580
582
582
583
584
584
586
587
587
588
589
593
594
594
594
596
597
598
598
598
599
599
599
600
601
603
604
604
606
607
608
609
609
610
610
610
611
611
611
612
613
613
613
616
616
616
617
619
620
622
623
623
626
626
630
630
631
632
632
632
633
634
635
636
637
638
639
640
640
642
642
643
644
647
647
649
650
651
652
653
655
656
656
656
657
658
662
662
664
664
665
666
667
668
669
669
669
671
673
674
675
675
677
677
677
678
680
681
681
681
681
681
682
683
684
686
686
687
687
687
687
688
688
689
692
692
694
695
696
698
699
700
701
701
701
707
708
709
710
711
713
714
715
715
715
716
716
717
717
718
718
718
718
719
719
719
720
720
720
720
721
722
723
723
723
724
725
726
727
727
727
728
729
731
731
732
732
733
735
736
738
739
742
743
743
743
744
746
746
746
747
748
749
749
749
749
749
750
750
750
751
753
754
755
757
757
758
759
759
759
760
762
762
762
763
763
766
768
768
770
771
772
773
774
774
775
776
776
778
779
779
779
782
782
783
786
787
788
789
789
790
790
790
792
793
793
794
795
795
796
796
797
799
799
800
801
802
802
802
803
803
803
804
805
805
808
811
812
812
813
813
813
814
817
824
826
826
827
829
829
831
832
833
833
833
833
833
834
834
835
836
838
842
843
843
844
844
845
845
845
846
847
848
848
848
851
851
853
854
855
859
860
862
862
862
864
865
865
868
868
868
868
870
870
872
876
877
877
879
879
881
882
882
884
886
886
888
888
888
895
897
897
898
898
900
901
901
903
903
903
905
906
907
907
907
911
911
911
912
912
912
913
913
916
917
918
919
920
920
920
922
926
926
926
926
928
931
931
931
933
934
935
938
938
940
941
941
942
942
943
944
944
947
947
949
950
951
956
957
957
957
959
959
959
959
960
962
963
967
968
970
971
971
971
972
972
973
973
979
981
982
982
983
984
985
987
989
990
990
991
991
994
994
995
996
997
999
1000
3
3
4
5
5
5
5
7
8
8
8
9
9
9
9
12
12
14
14
14
17
19
20
22
22
24
26
26
26
26
28
29
29
30
31
31
32
33
38
39
40
40
40
41
44
44
44
45
47
47
48
49
52
53
54
56
57
57
57
59
59
59
60
60
61
62
63
63
64
64
65
66
67
67
67
68
70
71
71
71
73
73
76
77
77
79
80
81
83
83
84
84
84
84
88
88
93
94
94
95
95
96
96
97
97
98
98
98
100
102
104
106
109
110
110
110
113
113
113
113
114
116
118
118
118
119
127
127
129
130
131
132
133
136
137
141
142
143
145
147
148
150
153
158
159
159
159
159
160
161
161
163
163
167
169
172
172
172
173
174
175
175
175
175
176
176
177
179
182
183
185
187
187
189
190
191
192
192
193
193
194
194
195
196
202
202
202
202
203
204
204
206
206
208
209
210
212
213
213
216
216
219
224
225
226
228
228
228
230
236
237
239
241
241
241
241
242
242
245
248
249
249
249
251
253
254
254
255
256
256
257
258
258
259
260
261
261
261
261
261
263
266
266
267
267
268
268
269
269
270
271
271
271
271
271
273
274
274
276
276
278
278
278
279
280
281
281
283
285
288
289
289
290
291
291
294
294
295
296
300
300
302
305
305
307
307
308
308
309
310
311
312
313
314
314
315
315
316
319
320
321
322
323
325
325
325
329
330
331
332
337
337
338
340
341
341
341
342
343
344
347
348
350
350
351
352
355
356
357
357
360
360
361
361
361
361
366
366
368
368
369
371
373
373
374
374
375
376
376
377
377
378
379
379
380
380
381
382
383
385
386
386
389
390
393
393
394
396
398
398
400
401
403
407
409
410
412
412
412
413
413
414
416
416
418
418
419
420
425
427
429
429
433
433
435
435
435
436
436
437
437
437
437
438
439
442
444
445
447
447
448
452
455
455
457
457
458
460
460
460
461
464
465
465
466
467
467
468
469
469
469
470
472
474
475
477
477
478
478
478
479
480
480
481
482
483
484
484
485
485
486
488
489
490
492
493
493
501
501
502
503
504
509
511
512
513
514
515
516
517
517
518
518
520
520
520
522
522
524
524
526
528
528
529
531
531
532
533
533
534
538
539
540
540
540
540
542
543
546
547
547
547
547
549
550
551
551
554
554
555
558
558
559
560
561
565
569
570
571
571
571
573
573
574
574
576
577
577
577
578
581
582
582
585
591
594
597
598
599
600
600
600
601
604
606
608
609
609
609
612
612
612
613
615
616
617
617
620
621
621
622
622
623
624
624
624
624
625
626
626
627
627
628
628
631
632
633
633
635
638
639
639
643
643
644
645
645
646
646
647
648
651
652
652
654
655
655
655
656
657
657
659
659
660
660
660
664
665
665
665
666
667
668
670
671
673
673
673
675
677
679
679
679
680
680
683
684
684
686
686
687
691
691
692
692
696
696
697
699
699
700
701
702
704
706
707
707
708
712
712
713
716
716
718
720
720
721
721
722
722
724
725
728
731
733
733
738
738
739
742
743
746
747
748
749
750
750
751
751
751
752
753
754
754
755
755
755
757
759
761
764
767
769
769
771
772
773
774
775
775
775
777
778
778
779
780
781
783
783
786
788
790
791
791
792
794
795
800
802
805
805
806
806
806
808
808
808
810
810
812
812
814
816
816
818
819
824
824
824
825
827
828
828
828
830
833
833
835
837
838
838
838
839
840
842
842
843
844
845
846
846
847
847
848
849
850
852
855
856
856
858
860
863
863
863
864
866
866
867
868
869
869
872
872
876
877
878
878
879
879
881
882
884
886
887
888
891
893
896
896
897
900
901
901
901
901
902
903
903
905
906
909
909
910
910
911
912
913
913
917
917
920
921
921
922
925
926
930
932
932
933
933
937
937
937
938
939
940
942
942
943
945
945
946
946
947
951
952
953
957
957
958
961
961
962
962
964
965
965
966
966
966
968
968
970
970
972
973
974
974
976
977
978
979
980
980
982
984
984
985
986
989
991
991
993
994
996
999
1000
3
5
6
6
7
8
10
12
13
14
15
15
16
18
19
20
22
23
24
26
27
27
28
29
30
32
34
35
36
38
39
40
40
40
41
42
44
46
46
49
50
51
52
54
55
56
56
57
57
57
57
57
59
59
59
62
63
64
67
68
68
69
69
71
73
74
74
75
76
76
76
77
77
78
79
80
80
82
82
82
83
89
89
91
93
94
95
97
98
99
99
100
102
104
106
106
110
111
113
113
115
115
115
116
116
117
118
119
120
121
122
126
127
129
130
132
133
133
134
136
136
136
137
138
139
139
139
140
140
141
142
145
146
146
147
149
150
151
152
152
153
154
154
155
155
160
161
162
163
164
170
170
170
170
170
171
172
173
173
174
174
175
175
176
176
177
178
178
179
179
179
180
181
181
186
187
189
192
195
196
196
197
199
200
201
202
206
207
208
210
211
212
213
214
215
217
218
218
220
221
221
221
222
222
223
224
225
225
225
226
227
230
231
232
233
235
235
235
236
238
238
238
240
241
241
243
243
245
245
247
249
249
249
251
251
252
252
254
255
256
257
259
260
262
262
262
263
265
266
266
267
268
270
271
271
273
275
276
277
278
279
281
281
282
283
284
287
287
287
288
289
289
290
291
291
294
294
295
296
297
299
299
299
300
300
302
303
304
305
306
306
307
310
310
313
314
315
315
316
316
319
320
321
322
323
324
324
325
326
328
329
329
330
332
336
336
337
338
339
342
342
343
344
346
347
347
348
350
352
355
356
356
356
357
357
358
358
358
360
361
362
362
363
363
364
364
365
366
367
367
367
368
370
371
373
373
375
377
379
380
380
381
383
384
384
385
387
389
389
390
391
392
393
394
394
394
395
396
398
399
400
404
405
407
407
407
407
408
408
409
409
410
411
412
416
417
417
419
419
420
421
422
425
428
430
435
436
437
438
438
442
442
443
444
445
446
447
447
447
450
450
451
451
451
453
454
454
454
455
456
456
457
457
461
462
464
464
467
469
470
471
471
474
475
475
477
477
479
483
484
484
487
488
489
489
492
492
492
493
493
494
494
494
495
495
495
496
496
503
506
508
509
512
512
513
513
513
513
514
514
514
519
520
520
521
521
521
522
524
525
526
526
526
527
527
529
531
531
531
533
533
534
534
537
537
538
538
539
543
545
547
548
548
548
548
550
550
553
553
554
554
555
557
558
558
560
560
562
563
564
565
566
566
566
567
568
569
570
571
571
571
573
573
576
578
578
579
580
580
580
581
582
582
583
584
584
587
588
589
589
593
597
598
598
599
602
603
603
605
605
609
610
611
611
614
614
617
618
621
621
624
625
625
625
626
626
626
627
627
628
628
628
628
630
630
632
632
633
633
633
634
637
637
638
640
641
642
642
643
645
646
648
648
648
648
649
649
650
651
651
651
652
653
655
655
655
656
657
658
658
659
660
660
664
664
665
665
669
669
671
671
672
672
672
672
674
674
675
675
676
677
679
680
681
682
683
685
685
685
686
687
688
689
689
690
691
693
693
694
694
700
700
702
703
703
704
704
704
704
705
707
707
709
710
711
711
711
712
713
713
714
714
715
716
716
716
716
718
718
720
720
721
722
723
724
724
724
726
726
726
732
732
734
734
735
737
741
747
748
749
749
750
751
752
754
755
755
755
756
758
758
759
762
762
762
763
763
764
764
765
767
767
768
771
774
774
775
776
776
776
779
781
782
782
783
784
785
786
787
788
789
790
791
791
791
792
792
793
793
794
795
796
797
798
799
801
802
803
804
804
805
806
808
811
811
813
813
816
816
818
819
819
819
820
820
821
821
823
823
825
825
825
826
827
827
827
828
829
830
830
831
831
833
834
836
837
837
840
840
841
841
841
842
843
844
845
845
847
848
848
849
849
852
852
853
854
854
856
857
858
861
861
861
862
864
866
868
870
871
873
876
876
876
876
879
881
881
882
882
882
885
886
886
886
887
887
890
891
892
893
894
895
896
898
899
899
903
903
904
905
906
906
907
909
910
910
910
910
912
912
913
914
914
915
916
916
916
916
916
917
918
919
920
921
921
923
927
928
928
931
931
932
932
933
934
934
934
938
938
939
940
941
941
942
942
944
946
947
950
951
951
951
951
953
954
954
956
956
959
960
963
963
964
964
964
969
969
969
972
974
975
976
979
980
982
983
983
983
984
984
986
986
986
987
987
987
988
988
988
989
990
990
995
995
996
998
999
999
999
1000
1000
1000
1
2
2
2
3
4
6
7
8
11
11
12
14
14
15
15
15
16
19
19
20
20
20
21
21
23
25
27
29
31
32
33
35
35
36
38
38
40
41
41
42
44
47
48
48
49
49
52
53
53
56
56
59
59
60
61
62
63
64
69
69
69
70
71
71
72
73
74
74
76
79
80
82
82
86
90
91
91
93
94
94
96
96
97
98
100
101
101
103
105
106
106
109
109
111
113
114
117
118
119
119
121
122
123
125
127
128
129
129
129
131
133
133
133
133
134
135
135
135
135
136
137
139
139
141
143
144
145
146
146
146
147
148
149
149
150
150
152
152
153
155
155
156
159
160
161
162
163
163
163
165
165
166
166
166
168
168
168
169
171
171
173
173
173
175
176
176
177
179
184
184
186
187
187
188
188
189
190
191
191
191
191
195
195
199
200
201
203
204
204
206
206
207
208
210
210
210
211
212
217
217
218
222
222
222
223
223
224
225
225
226
227
228
230
232
235
237
237
237
238
240
241
242
242
243
245
245
245
245
247
249
252
252
253
254
255
256
257
259
260
261
262
264
264
265
267
267
268
270
271
272
272
272
272
273
278
279
281
281
283
284
284
285
286
286
287
290
291
292
292
293
293
293
293
294
294
295
295
296
297
302
303
305
307
313
313
313
313
317
318
319
319
319
322
322
323
324
325
326
327
327
328
330
331
331
334
334
335
336
337
337
339
341
343
343
343
343
345
345
346
348
352
354
355
355
356
357
357
358
358
359
359
361
361
361
362
362
364
364
365
365
367
368
368
370
372
372
373
374
375
376
377
377
378
378
378
382
383
384
384
385
386
387
387
387
389
389
389
390
390
391
392
393
395
398
398
398
401
402
404
406
408
409
411
411
411
413
415
416
416
417
419
419
420
420
420
421
423
424
424
425
425
425
425
433
436
439
440
440
440
442
442
442
442
443
443
445
448
448
449
449
450
451
452
452
452
454
455
455
456
457
458
459
459
459
459
459
460
462
463
463
464
465
465
465
466
466
467
469
471
471
471
473
473
473
473
475
475
475
476
476
477
477
484
484
484
486
488
488
488
489
489
490
490
491
491
493
497
499
500
502
503
504
505
505
506
507
507
508
508
508
509
509
509
509
510
510
512
513
513
513
517
518
519
520
523
523
527
529
529
529
529
529
531
531
531
533
534
535
535
537
538
539
539
539
541
542
542
542
543
545
545
546
547
548
548
551
552
554
555
556
556
557
561
561
563
565
565
567
567
568
571
574
575
575
576
576
580
582
582
583
584
584
586
587
587
588
589
593
594
594
594
596
597
598
598
598
599
599
599
600
601
603
604
604
606
607
608
609
609
610
610
610
611
611
611
612
613
613
613
616
616
616
617
619
620
622
623
623
626
626
630
630
631
632
632
632
633
634
635
636
637
638
639
640
640
642
642
643
644
647
647
649
650
651
652
653
655
656
656
656
657
658
662
662
664
664
665
666
667
668
669
669
669
671
673
674
675
675
677
677
677
678
680
681
681
681
681
681
682
683
684
686
686
687
687
687
687
688
688
689
692
692
694
695
696
698
699
700
701
701
701
707
708
709
710
711
713
714
715
715
715
716
716
717
717
718
718
718
718
719
719
719
720
720
720
720
721
722
723
723
723
724
725
726
727
727
727
728
729
731
731
732
732
733
735
736
738
739
742
743
743
743
744
746
746
746
747
748
749
749
749
749
749
750
750
750
751
753
754
755
757
757
758
759
759
759
760
762
762
762
763
763
766
768
768
770
771
772
773
774
774
775
776
776
778
779
779
779
782
782
783
786
787
788
789
789
790
790
790
792
793
793
794
795
795
796
796
797
799
799
800
801
802
802
802
803
803
803
804
805
805
808
811
812
812
813
813
813
814
817
824
826
826
827
829
829
831
832
833
833
833
833
833
834
834
835
836
838
842
843
843
844
844
845
845
845
846
847
848
848
848
851
851
853
854
855
859
860
862
862
862
864
865
865
868
868
868
868
870
870
872
876
877
877
879
879
881
882
882
884
886
886
888
888
888
895
897
897
898
898
900
901
901
903
903
903
905
906
907
907
907
911
911
911
912
912
912
913
913
916
917
918
919
920
920
920
922
926
926
926
926
928
931
931
931
933
934
935
938
938
940
941
941
942
942
943
944
944
947
947
949
950
951
956
957
957
957
959
959
959
959
960
962
963
967
968
970
971
971
971
972
972
973
973
979
981
982
982
983
984
985
987
989
990
990
991
991
994
994
995
996
997
999
1000
3
5
6
6
7
8
10
12
13
14
15
15
16
18
19
20
22
23
24
26
27
27
28
29
30
32
34
35
36
38
39
40
40
40
41
42
44
46
46
49
50
51
52
54
55
56
56
57
57
57
57
57
59
59
59
62
63
64
67
68
68
69
69
71
73
74
74
75
76
76
76
77
77
78
79
80
80
82
82
82
83
89
89
91
93
94
95
97
98
99
99
100
102
104
106
106
110
111
113
113
115
115
115
116
116
117
118
119
120
121
122
126
127
129
130
132
133
133
134
136
136
136
137
138
139
139
139
140
140
141
142
145
146
146
147
149
150
151
152
152
153
154
154
155
155
160
161
162
163
164
170
170
170
170
170
171
172
173
173
174
174
175
175
176
176
177
178
178
179
179
179
180
181
181
186
187
189
192
195
196
196
197
199
200
201
202
206
207
208
210
211
212
213
214
215
217
218
218
220
221
221
221
222
222
223
224
225
225
225
226
227
230
231
232
233
235
235
235
236
238
238
238
240
241
241
243
243
245
245
247
249
249
249
251
251
252
252
254
255
256
257
259
260
262
262
262
263
265
266
266
267
268
270
271
271
273
275
276
277
278
279
281
281
282
283
284
287
287
287
288
289
289
290
291
291
294
294
295
296
297
299
299
299
300
300
302
303
304
305
306
306
307
310
310
313
314
315
315
316
316
319
320
321
322
323
324
324
325
326
328
329
329
330
332
336
336
337
338
339
342
342
343
344
346
347
347
348
350
352
355
356
356
356
357
357
358
358
358
360
361
362
362
363
363
364
364
365
366
367
367
367
368
370
371
373
373
375
377
379
380
380
381
383
384
384
385
387
389
389
390
391
392
393
394
394
394
395
396
398
399
400
404
405
407
407
407
407
408
408
409
409
410
411
412
416
417
417
419
419
420
421
422
425
428
430
435
436
437
438
438
442
442
443
444
445
446
447
447
447
450
450
451
451
451
453
454
454
454
455
456
456
457
457
461
462
464
464
467
469
470
471
471
474
475
475
477
477
479
483
484
484
487
488
489
489
492
492
492
493
493
494
494
494
495
495
495
496
496
503
506
508
509
512
512
513
513
513
513
514
514
514
519
520
520
521
521
521
522
524
525
526
526
526
527
527
529
531
531
531
533
533
534
534
537
537
538
538
539
543
545
547
548
548
548
548
550
550
553
553
554
554
555
557
558
558
560
560
562
563
564
565
566
566
566
567
568
569
570
571
571
571
573
573
576
578
578
579
580
580
580
581
582
582
583
584
584
587
588
589
589
593
597
598
598
599
602
603
603
605
605
609
610
611
611
614
614
617
618
621
621
624
625
625
625
626
626
626
627
627
628
628
628
628
630
630
632
632
633
633
633
634
637
637
638
640
641
642
642
643
645
646
648
648
648
648
649
649
650
651
651
651
652
653
655
655
655
656
657
658
658
659
660
660
664
664
665
665
669
669
671
671
672
672
672
672
674
674
675
675
676
677
679
680
681
682
683
685
685
685
686
687
688
689
689
690
691
693
693
694
694
700
700
702
703
703
704
704
704
704
705
707
707
709
710
711
711
711
712
713
713
714
714
715
716
716
716
716
718
718
720
720
721
722
723
724
724
724
726
726
726
732
732
734
734
735
737
741
747
748
749
749
750
751
752
754
755
755
755
756
758
758
759
762
762
762
763
763
764
764
765
767
767
768
771
774
774
775
776
776
776
779
781
782
782
783
784
785
786
787
788
789
790
791
791
791
792
792
793
793
794
795
796
797
798
799
801
802
803
804
804
805
806
808
811
811
813
813
816
816
818
819
819
819
820
820
821
821
823
823
825
825
825
826
827
827
827
828
829
830
830
831
831
833
834
836
837
837
840
840
841
841
841
842
843
844
845
845
847
848
848
849
849
852
852
853
854
854
856
857
858
861
861
861
862
864
866
868
870
871
873
876
876
876
876
879
881
881
882
882
882
885
886
886
886
887
887
890
891
892
893
894
895
896
898
899
899
903
903
904
905
906
906
907
909
910
910
910
910
912
912
913
914
914
915
916
916
916
916
916
917
918
919
920
921
921
923
927
928
928
931
931
932
932
933
934
934
934
938
938
939
940
941
941
942
942
944
946
947
950
951
951
951
951
953
954
954
956
956
959
960
963
963
964
964
964
969
969
969
972
974
975
976
979
980
982
983
983
983
984
984
986
986
986
987
987
987
988
988
988
989
990
990
995
995
996
998
999
999
999
1000
1000
1000
3
3
4
5
5
5
5
7
8
8
8
9
9
9
9
12
12
14
14
14
17
19
20
22
22
24
26
26
26
26
28
29
29
30
31
31
32
33
38
39
40
40
40
41
44
44
44
45
47
47
48
49
52
53
54
56
57
57
57
59
59
59
60
60
61
62
63
63
64
64
65
66
67
67
67
68
70
71
71
71
73
73
76
77
77
79
80
81
83
83
84
84
84
84
88
88
93
94
94
95
95
96
96
97
97
98
98
98
100
102
104
106
109
110
110
110
113
113
113
113
114
116
118
118
118
119
127
127
129
130
131
132
133
136
137
141
142
143
145
147
148
150
153
158
159
159
159
159
160
161
161
163
163
167
169
172
172
172
173
174
175
175
175
175
176
176
177
179
182
183
185
187
187
189
190
191
192
192
193
193
194
194
195
196
202
202
202
202
203
204
204
206
206
208
209
210
212
213
213
216
216
219
224
225
226
228
228
228
230
236
237
239
241
241
241
241
242
242
245
248
249
249
249
251
253
254
254
255
256
256
257
258
258
259
260
261
261
261
261
261
263
266
266
267
267
268
268
269
269
270
271
271
271
271
271
273
274
274
276
276
278
278
278
279
280
281
281
283
285
288
289
289
290
291
291
294
294
295
296
300
300
302
305
305
307
307
308
308
309
310
311
312
313
314
314
315
315
316
319
320
321
322
323
325
325
325
329
330
331
332
337
337
338
340
341
341
341
342
343
344
347
348
350
350
351
352
355
356
357
357
360
360
361
361
361
361
366
366
368
368
369
371
373
373
374
374
375
376
376
377
377
378
379
379
380
380
381
382
383
385
386
386
389
390
393
393
394
396
398
398
400
401
403
407
409
410
412
412
412
413
413
414
416
416
418
418
419
420
425
427
429
429
433
433
435
435
435
436
436
437
437
437
437
438
439
442
444
445
447
447
448
452
455
455
457
457
458
460
460
460
461
464
465
465
466
467
467
468
469
469
469
470
472
474
475
477
477
478
478
478
479
480
480
481
482
483
484
484
485
485
486
488
489
490
492
493
493
501
501
502
503
504
509
511
512
513
514
515
516
517
517
518
518
520
520
520
522
522
524
524
526
528
528
529
531
531
532
533
533
534
538
539
540
540
540
540
542
543
546
547
547
547
547
549
550
551
551
554
554
555
558
558
559
560
561
565
569
570
571
571
571
573
573
574
574
576
577
577
577
578
581
582
582
585
591
594
597
598
599
600
600
600
601
604
606
608
609
609
609
612
612
612
613
615
616
617
617
620
621
621
622
622
623
624
624
624
624
625
626
626
627
627
628
628
631
632
633
633
635
638
639
639
643
643
644
645
645
646
646
647
648
651
652
652
654
655
655
655
656
657
657
659
659
660
660
660
664
665
665
665
666
667
668
670
671
673
673
673
675
677
679
679
679
680
680
683
684
684
686
686
687
691
691
692
692
696
696
697
699
699
700
701
702
704
706
707
707
708
712
712
713
716
716
718
720
720
721
721
722
722
724
725
728
731
733
733
738
738
739
742
743
746
747
748
749
750
750
751
751
751
752
753
754
754
755
755
755
757
759
761
764
767
769
769
771
772
773
774
775
775
775
777
778
778
779
780
781
783
783
786
788
790
791
791
792
794
795
800
802
805
805
806
806
806
808
808
808
810
810
812
812
814
816
816
818
819
824
824
824
825
827
828
828
828
830
833
833
835
837
838
838
838
839
840
842
842
843
844
845
846
846
847
847
848
849
850
852
855
856
856
858
860
863
863
863
864
866
866
867
868
869
869
872
872
876
877
878
878
879
879
881
882
884
886
887
888
891
893
896
896
897
900
901
901
901
901
902
903
903
905
906
909
909
910
910
911
912
913
913
917
917
920
921
921
922
925
926
930
932
932
933
933
937
937
937
938
939
940
942
942
943
945
945
946
946
947
951
952
953
957
957
958
961
961
962
962
964
965
965
966
966
966
968
968
970
970
972
973
974
974
976
977
978
979
980
980
982
984
984
985
986
989
991
991
993
994
996
999
1000
