8116
9890
168
6846
8530
7538
8224
2539
846
5502
3169
7075
6215
962
5961
2808
5161
6661
8199
4914
6202
6247
5881
9516
7402
2460
9558
7233
8707
274
9254
7901
164
9422
5826
9773
8039
5128
2311
9964
630
6560
7038
7924
8601
2999
1810
3761
738
9
8675
8019
6256
5634
7534
4737
8095
7091
1969
7880
7366
1222
6860
8609
1723
2685
8381
9762
7813
692
803
8443
8331
8921
7445
6931
2998
9256
1771
3736
9265
445
1754
6599
7159
366
1335
6332
7457
4384
4211
4822
5606
2149
4509
7329
4834
2890
8169
2647
4661
51
2168
2991
8972
9614
1000
3048
8869
2771
7863
9212
4296
695
6889
2533
1061
9304
8865
9597
3687
4154
5498
371
6304
6
8780
1137
2896
8027
4863
7557
8078
7032
1626
8128
7724
2627
1175
7671
5398
116
7961
9694
811
4849
3305
2951
4152
2169
2548
8918
6324
8046
9290
3706
8052
8069
5922
948
6095
785
9584
4173
8896
1210
3379
6619
3837
5634
5368
313
5750
3328
1086
6562
8177
4391
9513
3408
6561
2060
2325
3963
105
1614
8748
9237
9683
4669
1263
5778
6533
846
1029
5428
2056
4408
3125
6972
41
9572
7286
6871
2899
9451
3432
2155
3841
4023
5563
1480
7163
7888
6522
8347
581
5269
7583
263
1017
8846
7120
7550
771
9228
4057
3906
4715
8261
1957
5835
7833
321
2705
731
9772
7216
2886
3612
2318
9528
6172
9481
8495
2693
8906
9076
9042
7568
417
58
7492
8617
8687
8263
7844
3822
2169
2558
2083
5205
9473
994
5526
2177
1725
5297
472
5691
9988
2790
6297
6159
3349
4791
9932
2254
4945
8973
9822
5363
109
7314
3979
8796
6655
1822
3697
9903
5460
5780
5107
6011
6774
632
8188
9578
5929
8660
6347
5917
2528
3723
3154
5877
8514
3085
8132
3459
2057
9032
9901
2166
6345
3879
2041
3000
6780
5738
2902
3318
2596
8010
9329
448
9721
8596
1104
5650
8334
7452
2645
862
2253
6878
6739
766
9964
5949
5304
3099
4981
5204
5266
1325
161
8386
5404
6942
5202
9386
259
7798
7395
667
9325
7115
9263
428
3843
7596
8959
7567
8458
1211
4445
6276
1978
4408
2224
8361
7507
7205
4644
3851
9610
4805
3315
5013
1746
8517
4398
3085
7393
2871
3752
6717
1065
3014
7146
5987
609
6104
3554
146
8395
7999
6422
1451
3485
8646
9812
2070
6930
4455
7001
6539
9261
1394
2630
2085
990
7029
5170
8383
978
8922
6179
2043
3014
4403
8031
3624
1585
1584
4849
9980
661
1270
1430
5225
994
1242
8374
7924
6776
5374
5541
6036
7848
8172
8122
8838
6279
3291
7220
7257
3292
4477
9301
6306
8880
8410
1008
465
9994
5857
444
1733
8206
1875
8037
279
4196
6410
9282
971
2863
4823
7008
710
4073
6208
9548
351
577
7846
8687
3869
2323
7987
1254
1202
6396
2262
1667
7468
9199
3191
279
8483
5066
8316
8762
9262
4726
8044
1311
7589
3945
8319
9378
9097
5605
8925
526
6183
7849
9213
1130
171
8279
2384
1374
5753
5726
4120
4300
6003
7311
4579
4485
3455
3974
4326
3795
8700
3448
5107
7367
7393
4504
7823
7568
109
6747
8094
7371
4595
7306
8501
5846
5584
1964
8299
2416
7690
3497
6716
4771
1887
1294
9256
5342
5268
3581
9138
5046
7029
5323
3491
5500
905
1313
4146
1014
9139
2239
9464
3734
624
9044
658
7287
1007
8957
9703
9776
3532
6418
4546
5419
7713
4880
761
4059
9541
977
9106
7648
7379
2596
4227
8284
4989
8373
377
4127
612
9841
8940
2315
8884
9598
9602
969
9633
9305
744
3165
5722
6369
8584
4513
1249
423
8573
1868
1400
8757
9516
8779
1352
3742
7063
6341
2115
7440
468
3806
8359
9408
6121
8322
84
5722
9291
9717
5026
1114
3960
748
7483
2544
5261
9811
2967
4912
1678
5447
3668
1194
5304
6100
4936
3445
3519
8130
1963
3987
1935
322
4474
8056
8644
5637
3778
7934
6432
8804
126
392
630
7610
4015
6971
8499
6982
1882
177
3507
5551
2450
8812
2729
8465
2256
6248
6595
4220
1314
8530
5621
5788
6586
4264
2503
1442
3276
8935
1324
3403
9327
1955
2091
3341
4
589
1402
2965
1845
5988
9595
4295
4799
2323
2760
8135
8572
9355
2354
9886
7884
7975
6752
5548
3317
9255
6990
7672
9268
8315
1074
9674
1348
3165
4093
2431
4834
5495
5396
6679
1483
4991
974
7361
7314
4813
5495
6964
4167
8928
6849
3129
7981
4679
8678
1297
5012
6746
8970
4280
6139
1122
3953
8566
5367
8046
996
200
4620
6393
6879
7182
2462
8932
4542
854
3744
1116
7819
8990
43
5746
3198
8025
425
2954
9322
5437
9700
9370
9717
6918
492
4748
5483
5859
2794
7559
7138
7414
5030
4016
4595
7492
4027
215
8346
8850
1331
6164
8919
2454
2989
2116
478
3414
5070
878
8851
5848
1327
9647
2765
1819
4394
8249
8757
7188
6886
5894
5680
1915
988
1353
9407
5015
2648
8831
4944
5058
4995
3862
7512
9063
7057
9069
2476
2126
1026
2405
7974
2353
2051
1818
4172
7525
1145
2928
5791
8031
9901
1471
9946
888
3903
9352
6983
6551
8182
3005
2688
4255
7946
199
3317
5002
347
6872
8207
1373
9278
6180
3726
1328
7998
7898
8853
9143
1904
4644
7173
2883
7194
8197
3771
2175
7548
1832
9806
6809
4837
2493
2142
2782
3771
5460
7784
4118
2331
5990
5491
2687
3249
9217
5095
2325
8193
5026
2547
1175
748
798
4058
7942
8996
7830
1196
7622
740
1001
4430
5578
3494
6573
9439
7265
3111
8302
1383
6521
4291
7953
9209
8619
7170
4303
944
5362
407
4570
6538
1156
5368
595
9098
4363
9504
1372
1985
1323
2373
7494
6901
6946
4066
6339
5290
8256
5719
7752
4777
10
5704
5064
9708
2873
445
1730
9315
852
6300
5852
2008
2747
7526
2185
7110
8109
3557
173
9432
5931
7668
7411
3955
2812
4828
