9977
1422
9770
2387
4354
9780
7663
305
860
8155
3121
97
4377
357
7112
3850
4768
2852
1088
3528
5164
5377
9995
9050
8401
2929
3207
3891
7910
2832
1740
8965
4255
2588
1351
9688
3446
93
9993
4306
8248
3113
5483
2624
4550
3673
6474
9318
7604
8641
3924
2768
5097
3918
2896
3497
7926
6104
8467
6915
14
207
5879
4269
3874
8310
5035
7321
8403
5027
2705
6650
9220
9267
352
4848
2940
7906
4165
543
6546
9168
4390
1642
3085
7287
6219
2090
4469
5764
9005
4483
7050
4883
9832
924
4271
4866
9324
2673
9894
3107
401
191
2374
754
5039
6393
8660
282
8015
6284
9450
2405
9006
3613
770
5224
5703
5239
987
4707
9722
8038
669
9553
40
4940
5498
9364
8693
6470
3549
9094
6661
7002
9848
1699
3394
9586
3060
2488
6949
3588
4893
5954
7201
6742
2256
3983
1980
4322
9769
2780
3438
1516
3412
3478
6457
8910
3920
5149
5379
8549
5321
3118
5550
6248
5896
8945
6912
8956
1432
3860
2543
7404
892
822
5224
3148
4805
7204
8550
5653
1062
1987
7169
4474
6545
4704
4462
1543
9853
919
91
6253
4037
5642
2500
9933
5665
9412
8888
8176
3272
2509
6658
4164
3332
1881
8392
9216
163
6941
4868
1225
6
2037
6779
7630
6741
1240
252
7673
2160
343
5004
6197
7064
7504
7209
3807
6915
6096
3061
1265
8606
9719
5430
3016
1599
4900
2231
2841
2919
8179
4067
2925
1294
1924
1634
9114
3164
1886
6786
6403
2229
2868
3679
372
371
887
5258
7287
8062
8320
8552
7746
8038
5060
761
716
9960
4072
3557
2878
2250
8703
6883
3544
626
8517
2657
4870
1481
522
2351
4789
3390
7109
5161
3762
7996
419
2127
7137
9818
1757
4882
7855
6818
6723
9650
7856
794
4286
1813
4123
2988
8696
7667
4694
8291
1402
9564
850
1924
2993
5639
6394
102
800
1234
9177
2298
3361
6313
2115
5118
1195
1048
3014
7918
698
870
9791
4984
2683
3913
9051
2457
2658
3744
1826
4060
4386
2676
7064
7380
8315
3457
8561
193
5770
7737
3570
9131
4050
5685
5327
6324
7813
8342
5320
9590
290
5110
5652
2973
101
5781
6509
2759
9526
8335
6819
4990
1010
4961
2369
403
9497
2008
597
5266
9746
4167
5475
4874
931
802
1197
9823
222
7596
490
512
2705
6142
4564
3885
1922
1072
6644
2526
9407
4541
7517
1495
9503
964
2977
77
2973
4653
5344
3797
8821
818
8671
830
2699
946
1731
2921
8542
2221
4512
2325
8363
9076
6210
1363
147
3932
3890
632
8473
2485
3206
9054
3449
6184
9132
7501
836
5554
1297
735
6372
9968
2644
9072
913
4375
3071
9455
6596
7584
2858
6037
6659
9068
7401
7886
2999
2369
8518
2551
4854
2803
2683
8303
8987
2893
5804
901
9526
8180
1637
5898
8148
4281
6048
139
9736
197
673
6331
7781
3531
2368
5519
2599
847
4483
6677
3216
4079
306
8070
6882
4069
7451
5868
8041
4333
6770
7567
2513
9486
4543
1739
4845
590
1878
4580
787
2551
1990
9648
6083
5437
6245
9761
6284
727
7516
578
4806
8902
9727
1688
2970
7177
8635
1010
2589
6483
8577
5102
5968
3119
6841
1892
4788
9798
6472
6655
2349
8462
6302
9511
3898
3625
349
1260
4352
7865
1838
9158
6766
2643
1924
814
899
559
2904
3488
8121
1480
9669
5168
5679
7588
7060
1545
7385
4610
8200
812
4151
5580
1401
9128
283
1750
388
4635
694
3305
4872
8539
5949
6796
9354
6848
8434
2257
1414
7634
4816
1082
2801
1573
9749
939
4198
7133
5549
3476
9025
9700
135
425
8828
418
2176
294
5054
3949
3599
1004
2487
626
8879
2919
8553
8392
5176
9967
6025
1071
1048
8826
3723
796
843
7921
9009
6392
1397
9112
7171
1532
9537
7077
1950
2791
7371
8083
6740
2048
9087
306
3754
7966
3225
2306
6357
9481
2273
3460
551
4400
3364
4274
6276
4207
3274
6363
598
4671
5474
8848
7282
5010
5924
9232
8881
4373
8394
6699
7501
7480
7005
1254
6524
230
4639
3959
9711
6912
7419
1340
2391
782
6693
8667
4989
9967
6108
6667
4637
1581
6593
1918
7670
3596
2229
6550
9048
622
3249
6548
9181
253
8881
5705
1562
4599
742
2351
1510
8162
3691
4980
22
1463
4725
5012
1429
832
2757
7146
2413
428
142
1162
4024
2371
7712
3072
4072
2039
698
3253
2293
9580
36
4934
4178
778
7286
6767
18
2055
2826
41
3518
7551
6132
6027
8384
8889
3172
1875
9317
4393
3037
4420
7844
1828
7492
1915
3867
8190
6247
7239
8848
7362
2173
4104
9220
537
1950
9238
3671
4776
9279
8269
2326
5410
4295
1788
5377
8546
3664
5773
2938
7780
192
781
9608
8763
3776
3475
8031
1101
713
6879
8464
3965
2061
7683
4502
5090
7999
9253
9866
7278
7521
3271
3766
1815
5059
222
360
9802
7074
4377
7582
8345
5159
7189
7107
13
663
6216
1114
2456
4173
656
6421
6235
9418
2002
1324
7417
1254
2269
4694
8775
5540
9539
1668
1677
839
3107
1479
7913
7484
9061
7336
3721
6249
5521
3734
7992
1737
5928
1526
5910
6584
7947
3223
6002
1027
5627
3418
3360
7896
9191
3213
4514
9808
4881
6191
647
7988
7670
9639
6551
7809
6975
271
5137
3574
5085
3128
5311
1012
4654
1221
8675
3679
5523
4676
5786
1149
9173
9146
123
9442
2359
4637
9250
8319
828
975
7386
9577
1692
3936
7386
9746
4207
2522
3320
9292
6729
8631
1382
2461
930
57
6140
6454
4733
3004
8682
4985
2150
8806
4426
5588
4521
4754
4985
5349
5729
2370
6005
7422
7385
4469
7167
1592
8070
1565
1962
4798
196
3345
8338
2205
4481
5556
9738
292
8561
8420
5277
1789
8304
782
7377
2824
5536
3440
9253
1265
5811
5257
9766
4274
804
8011
5866
8874
9577
8908
4750
9773
3331
3087
3056
7812
8643
2794
