8104
7203
1213
4460
8992
9517
5242
7447
2340
777
1966
2671
3121
8856
7928
2886
3129
9811
897
74
8684
1552
8982
4512
2403
3391
7599
5459
1202
7321
8253
384
5602
9466
5923
5673
60
1164
4198
3480
3021
6164
6151
6142
5019
5158
107
8149
4968
2083
8223
4731
3635
8283
321
6038
1673
7921
1496
3954
6320
828
4338
1921
1372
1340
8673
2512
2504
2871
5992
6604
9035
3221
3825
5133
9458
3932
4360
5505
6015
2582
235
728
864
556
7845
3616
9556
419
7570
6954
1247
2986
9955
2620
4326
8627
5132
7910
2576
2202
4513
1611
5423
8338
7823
4881
3348
2182
1464
441
5843
1699
1169
7786
3334
9014
1401
3969
512
8971
922
1759
1956
876
5458
7362
582
1668
5271
3158
3870
9784
5848
372
9201
3670
6332
3627
6931
7796
4069
2773
573
6317
558
3907
6410
3038
8955
6922
2008
956
8681
5044
1832
4139
2405
3493
5807
7676
6652
756
8538
2499
2207
8817
7249
8539
2444
4179
7413
7592
8032
7986
3908
8590
2971
317
2707
1926
7239
4715
2882
6999
837
5793
2216
4321
9287
9102
3075
7017
9858
2692
594
3143
1508
7843
1681
5031
3101
9094
3701
1132
8158
8689
800
1129
9006
3507
4134
7324
9302
8095
5401
138
3887
7617
4460
4252
6718
8614
2347
7655
1305
2942
797
3893
784
3558
2
4964
3730
3704
6096
1888
2392
6897
3017
2476
1482
8230
878
783
6324
6279
2001
1289
3895
7540
6621
1692
6153
8968
425
7459
1909
1222
1351
3773
5859
2432
8737
9590
6136
4833
1477
9607
2808
5573
2083
5369
3802
2961
6153
125
319
8154
1414
4214
5693
8035
6985
2924
8082
7410
382
9991
9712
2812
3763
5570
5245
3579
5159
2459
9491
7715
2066
2298
3287
5228
8746
7089
9268
4898
8293
9587
4130
786
4880
901
9900
1864
3826
7981
9275
5287
9051
64
8100
3892
5634
4423
7471
1872
6882
6961
9587
26
337
3953
5254
9084
2120
4522
3981
413
4108
9191
1199
8988
91
2177
1931
3917
158
2284
283
9209
2348
9462
3100
9061
3884
1650
2011
1844
8611
2677
1871
8949
6630
8204
9111
8750
3804
3091
241
7913
3360
1440
7979
3452
4697
988
8448
5934
3272
8731
6221
6699
8192
399
6839
3154
2049
8850
4999
660
1526
7949
687
9235
6152
9798
7985
9957
3967
9305
8948
7328
1824
8005
1858
6521
8994
305
2454
3344
9037
8675
43
8307
9074
6882
1461
1123
6810
6460
2862
8337
5487
4628
8650
2717
4425
7713
2673
9471
7018
2699
7877
8842
1783
9735
5362
776
40
7816
5199
155
7569
5242
8462
6642
3202
1001
8844
12
8540
2784
9428
4026
7412
8077
6744
2915
5790
495
3465
2807
3195
1341
1648
6057
1076
7010
6833
2195
5904
3110
3429
3472
8353
2969
1192
2633
3971
1115
2645
2510
3899
2072
6537
2390
149
4359
5305
7018
4854
8770
9825
9128
111
2551
5184
2266
9561
3095
5540
6543
6206
8969
1093
5637
1937
3364
8270
5908
4479
1994
9498
9458
4066
7113
1847
5294
1471
8231
2311
7404
7001
3214
7611
8191
5765
2794
1535
6404
6969
7075
4025
4253
6043
5118
9890
7980
8483
9238
4967
4040
1231
4464
3497
6377
1576
6423
2749
3047
4654
6140
1529
2733
9354
9140
2002
6198
3013
3537
2601
9982
1690
6627
5313
7733
2823
6281
6791
2384
5518
1757
7504
7829
6221
2079
5284
8876
8503
8033
1922
4235
4172
4531
6968
4605
3670
8970
802
6683
3585
4482
7743
5275
2187
3055
3007
6090
9336
876
8474
5933
2634
5977
3761
9934
9136
9045
8810
7638
8156
1810
1872
2328
6341
9919
8012
11
8888
9893
7773
3551
4374
5516
8826
7641
8571
2911
3730
7907
3787
3282
4918
7500
338
8679
8513
9474
8802
7322
7111
6957
210
61
363
6552
9980
8375
7642
9946
9346
5414
3496
3720
929
2321
1360
579
6311
6169
9565
1176
9451
4482
8677
9789
3160
7189
9262
3040
5589
7451
1075
5799
7512
1439
3429
7491
892
1070
8515
238
6485
2010
5037
8493
5410
7476
9072
1720
3644
8636
3976
3094
3117
2652
3962
7356
919
3223
1474
6508
674
2550
3385
8186
3989
6815
6756
5960
7885
6349
7277
5448
8360
2313
5020
4848
9789
5170
7648
4511
4885
1623
8685
9081
5354
2646
6437
6273
5869
7911
3859
7622
460
7244
5808
5528
5137
3642
2567
3022
1069
9844
9549
9429
3236
4568
5356
4103
9739
3003
8615
5702
5705
7299
4782
1058
1023
2297
8410
6892
208
3347
4514
1747
1669
1400
8355
6807
6121
2000
907
7190
1843
455
7698
6158
6103
3053
261
6920
7135
9955
2621
3918
8332
7403
6055
9355
9701
4464
7325
987
8890
2917
3813
1637
4317
3246
9523
1516
5246
429
9786
8169
1964
7483
4326
9146
1614
5666
6065
9828
5620
9765
3745
5030
8246
9800
5463
9025
5342
2788
11
5310
5705
4904
6947
1101
8150
6470
3696
4475
6899
3481
2643
9942
2042
8048
9087
3656
4793
6230
4562
1491
5994
8307
6522
4240
9185
1984
3264
4526
5851
4355
9836
2635
9259
6783
4815
8487
4331
8511
2961
1229
3071
6683
2250
5113
5810
1336
9849
602
7567
4410
2093
3560
2717
9694
8879
2980
2757
2143
7507
8608
6498
8421
1242
6835
5203
6057
6400
612
5647
440
2921
8718
8202
5171
3830
4011
6507
4757
5692
5152
9168
8865
9792
2963
8558
8670
5943
1314
1891
4528
1001
9468
2949
3322
7381
9231
458
3781
9844
6105
4221
2764
5901
2422
7935
809
7513
5520
5567
3204
1751
5813
3147
1542
8776
1705
1290
5797
4098
4261
325
6178
4807
3274
9501
2188
2504
1037
5969
3426
8221
1268
6190
4121
4769
5203
6009
2281
723
1575
6565
2474
7388
9712
5095
7242
2495
7464
3039
7673
1724
4443
3850
7611
7717
4429
9799
1299
6545
6846
4726
4765
8114
1994
9965
3961
7198
5974
6243
9000
8628
3886
