2552
7095
4676
7647
4336
8251
6189
8454
5923
8993
2896
851
6603
1691
6360
6401
4070
2904
3246
9875
8749
2438
1868
8713
6399
9066
4686
3720
9144
4393
8685
1695
1487
4440
9342
6902
2690
6610
5356
8613
5602
9331
542
2204
2101
7981
9684
6171
1964
2929
6045
712
6446
8992
503
3923
9137
6269
8723
8280
661
7407
9976
2148
2925
395
9050
5615
7005
5484
5306
3685
5894
5849
5889
7995
4908
5572
5244
6872
9580
2367
7584
7104
1358
8088
1027
1573
4356
828
9854
6096
9314
907
8244
2239
1302
8372
7854
9387
4935
3160
3071
828
87
39
9902
4995
6690
6224
2946
7349
8591
529
4452
9949
9696
6558
2601
5130
7386
2454
1225
6700
3361
547
8939
5742
8920
7871
6207
4933
1030
357
5761
2196
1475
6741
8271
8165
2964
1216
5513
1554
2824
9966
2581
2520
7602
5182
7650
4988
8715
9955
2766
3154
501
1704
8897
499
653
6182
5432
2763
6539
1192
4959
8014
9012
3229
7258
1975
4445
2770
4608
7270
3814
7190
868
1416
3450
9597
7483
2165
9551
248
5319
1131
3031
5294
1630
3684
1476
7063
6447
9094
9334
1406
7108
8346
5714
5444
1399
1238
8214
6008
9587
3107
4276
454
5602
8805
1129
3084
2048
1759
3332
8447
2890
6363
3740
4520
1125
6295
2661
7573
5389
1995
57
3575
1419
5771
9019
2818
8088
8311
9905
7674
1417
4180
9207
7019
4064
336
1181
6112
2095
5592
4558
4985
3033
9378
583
4159
5672
3245
1731
2139
5240
1788
5714
7738
8638
5811
555
6726
5201
460
5478
6618
5719
4685
4716
9783
6100
6976
6974
8195
2568
1531
4258
5601
908
5920
838
7660
9165
2569
9799
5483
5436
6592
3220
5153
3481
4855
2957
8682
5315
8435
6379
2112
4198
2173
2974
297
9149
9948
9571
2795
2557
4907
8397
4545
827
9235
2204
1070
2883
3081
6554
9398
9673
852
4550
4233
5707
8586
2914
2100
7021
371
4213
1218
2544
8266
2595
2772
8213
2165
5567
1848
7073
5042
6393
8979
5356
8597
48
9318
2757
6602
8715
3508
8534
4344
7741
4240
4008
1734
7420
1028
2105
2711
3326
5729
976
5921
8501
267
9165
4067
2115
7316
188
9588
6294
6623
9263
6343
5940
2019
4023
5733
5528
2556
76
4347
7876
4085
6081
5295
6192
8187
9085
596
3915
60
7596
3494
1406
6761
7561
4600
4076
8828
4187
370
5450
3450
7792
1389
5469
1814
7123
2075
5450
8278
6423
3325
3441
2503
9699
712
1768
8783
1308
6762
9922
9984
255
1327
6744
8896
5927
1898
7723
114
3347
4252
4643
1138
5641
1190
4032
3842
3266
9482
3199
767
2806
7719
4349
3583
8431
6118
2365
818
3958
2286
1880
4214
4692
9703
3109
618
1600
1910
1811
6027
6162
6454
8244
2882
7645
2275
7803
1989
1756
1001
3835
5641
8721
8184
9224
8230
5380
2667
126
9339
6032
3085
3552
723
2787
7740
2421
5467
9650
4232
1493
6891
1765
815
9773
488
3091
7575
3556
5926
9656
7391
1567
9455
5574
1869
8763
954
5616
9969
292
1647
3053
4923
3450
5841
2662
5871
2386
3390
1181
3879
1359
4025
4694
2210
4513
8864
9786
8069
4790
519
5459
7436
9974
1033
9305
9815
3066
4920
9783
4437
7647
2836
9360
2175
9756
3100
9125
2141
7569
305
7099
8929
5410
2871
1138
9923
1735
2002
9071
6525
2521
4529
3960
3573
6641
4343
3388
785
342
3170
5222
9068
7085
4581
1242
6840
8760
366
59
6329
1750
7158
5257
7160
29
7474
8162
1764
9477
7232
9368
3076
1760
3327
7729
9481
8749
1116
265
9091
5365
5488
8158
2450
1147
9400
368
9908
844
428
6236
2595
7586
2571
833
7615
44
8995
457
599
6226
9825
3676
9066
4230
1404
9625
2979
3599
9890
3148
8964
6456
1306
2492
8683
1784
3940
9669
3708
4368
5904
6303
3032
9554
8215
647
676
7210
2183
1276
4514
2008
6031
3579
6238
7435
3203
295
2112
4172
3444
2154
1706
5829
4647
1467
7613
8587
1135
1320
4033
8118
8702
7065
7671
6917
8791
8348
5205
974
702
9719
4061
6733
4377
1377
5246
8659
1673
7358
3909
5117
9512
5616
945
5237
8162
9637
4902
9298
2036
8935
7415
737
6000
6165
8733
4790
4512
5016
6843
6293
5814
903
3025
190
2281
8271
9928
5033
6707
3837
149
7297
531
2173
2534
8693
2888
7436
7990
4924
6371
6484
6741
3449
2648
5473
9318
8239
1568
6161
4531
7382
8143
8635
7572
1502
7984
8578
6535
4690
2414
7763
1986
2945
1014
5599
2717
3903
3035
706
8827
484
8269
5567
3933
916
2119
4329
9155
3687
1568
4764
2147
9712
3398
797
2292
1381
9375
8828
6071
1789
7669
9137
5813
8684
4735
8530
2586
8849
315
2491
411
8584
9138
5423
579
2335
9753
812
7101
1320
5577
9248
2110
8975
44
4403
1435
9419
4309
7506
2286
1977
7721
8100
660
3535
7708
4325
3462
9102
7896
3874
8765
7033
9297
422
9368
127
1234
7547
1448
6811
6794
4637
6865
6838
9040
8300
7335
3348
6884
9622
6405
4605
8800
7065
9219
7586
2469
2680
7767
364
6554
6531
7397
6930
6953
7843
7057
8187
5389
9584
6077
3261
4221
2941
1177
4339
1240
8512
8767
8124
9212
5171
2728
9090
3314
3025
6676
5783
5706
4442
7226
3338
2051
4622
1346
9004
3543
8404
8269
10
9066
4345
3271
4365
7286
5527
9784
9605
4039
8550
7729
4329
4799
1535
3419
8113
4561
1173
3896
1345
6694
1121
4683
8745
6823
6030
8827
1444
5512
7095
2534
5656
2519
5805
1100
883
2411
883
488
6450
9433
9296
1857
4231
830
6355
3422
6470
7528
8397
7815
4221
597
3577
4044
7420
685
2870
9943
7276
1044
2476
2931
4642
9361
4031
5525
1771
5993
7092
9300
5425
6387
2235
734
8297
8591
4157
4766
7197
2553
2581
2497
3150
6158
6541
1648
6843
490
2670
4118
