1534
6225
8128
7255
6664
3238
3858
8435
9231
950
8813
5735
8416
1048
6469
6712
717
1704
1478
7914
5337
5138
410
9566
2374
8031
1214
295
8521
4963
4413
1133
1187
3619
8388
7852
6857
3324
7365
6088
4274
7257
1822
3769
9384
9370
480
100
2153
3037
9093
7490
8175
582
7055
1627
8613
9348
1922
7133
4310
7414
9345
6577
1033
8811
5507
8969
2134
2871
6135
7488
1206
9036
1256
589
8406
1736
1768
558
5853
861
8048
5106
1443
6181
6734
55
5529
8656
8267
917
6070
8690
7494
7103
7500
4079
7150
9634
8030
3285
7121
9236
2320
9456
9826
725
2271
1593
2362
8124
3533
1488
3229
4976
7670
9963
6110
4277
8619
5455
5194
5767
4144
3767
3948
2722
7846
1097
3435
5875
4382
555
5111
7782
1090
6015
9586
3361
8687
1948
1484
2220
4515
5792
8275
2184
5755
5464
7540
5452
918
2734
2297
6142
7580
6245
8864
5425
7342
2298
2379
2803
3933
8569
584
5023
4583
169
8384
4348
3196
946
7647
7712
6738
5922
974
3571
2464
9594
101
3382
2327
2398
602
985
8643
9467
6410
7064
2843
9868
9867
6776
8436
1529
2877
3018
2777
2339
8446
7053
3285
6092
4764
1102
3092
6817
4673
5556
6410
4775
17
9816
7173
619
800
6895
1164
8290
3958
4008
9236
4903
1862
7672
6432
5819
1768
287
8158
213
7340
2522
6306
3182
3624
9398
10000
8297
6033
7488
4150
7129
8383
1323
8827
261
8218
9992
9630
3254
5078
8866
8157
8019
6537
4588
3837
8305
5954
1995
8519
3294
5596
5903
6476
9220
6379
7554
8595
2411
6121
2745
9540
4503
5147
8367
5843
4443
9437
5473
7697
4514
4338
5853
3611
1953
1519
7449
257
7473
522
9855
1845
6118
5757
8322
5337
2136
5875
5010
5626
1995
7755
5166
7577
3980
4611
3420
8423
4047
9972
7198
9640
5388
4129
3250
7341
6727
698
8677
4200
2299
9611
7124
8417
5367
5445
4832
8582
2399
9843
4208
5473
8676
452
3050
2656
6142
7549
1078
188
7520
9356
906
3986
3484
4156
1326
211
5934
2
5490
9312
9613
2613
7729
6059
8059
3639
5719
1536
3481
1005
7009
2157
2536
1137
5892
8678
9765
6970
9945
8363
7404
850
2348
888
6086
3674
1099
3098
4756
7668
2409
5447
280
1216
2584
9418
4856
8304
953
9416
387
9042
1572
2924
178
8543
1601
9944
5513
1546
8306
2916
3475
654
4883
639
5407
7061
3737
162
4728
7226
6689
5009
8442
351
4426
4376
8655
6459
3792
121
5500
6443
3045
5678
4986
5725
6700
1577
8350
5006
5572
1825
6739
455
3543
2145
7516
7281
3387
2244
4506
1154
8332
4026
1505
3836
8403
1239
294
2194
1360
6873
9716
5484
3630
4701
1208
329
6278
9559
6414
1850
2462
3152
3384
6005
6377
899
4364
842
4222
9949
3075
2553
3975
5659
6390
2377
6898
7763
5650
9337
4636
5365
4820
8266
66
7108
9674
7423
7745
6088
351
206
318
3735
7290
7774
5714
1654
9695
9936
2681
2769
3568
6656
8429
9958
111
6405
8799
6840
6821
4513
2205
1640
2778
3350
9827
2452
1851
7571
9619
2203
7777
9937
5938
6146
8790
1651
8879
8484
1587
1559
2332
6234
9295
1839
7270
9406
9323
6068
6246
6143
581
9530
8863
4438
3958
8689
7969
5809
6260
7587
8012
5115
8603
5029
1260
7392
6680
1217
6954
9346
2777
9286
5579
3150
2203
2848
2555
1526
9996
9880
7669
576
487
6531
6093
4445
5220
4062
1333
2558
2727
423
7673
1329
5452
12
9800
3211
1229
6754
3635
4006
7118
293
7156
9322
4220
790
1926
4215
1748
673
5870
3315
8284
1963
8839
4582
7104
171
7140
9831
1674
4812
1160
7126
4824
959
1415
6054
8792
5051
1138
5910
5344
9374
6310
9564
1242
9315
3779
4069
9988
727
7384
8271
2690
7302
2852
872
8552
1070
703
225
6962
1863
7352
1785
3901
8767
8918
3772
4896
1135
9682
239
1587
7070
882
2829
6384
5740
7977
7450
6467
6440
6800
236
3741
730
1108
2292
1801
1811
2518
8763
4753
948
1626
9734
793
1623
3505
5690
2758
3186
7008
4345
1334
7890
8253
8797
3629
7308
6246
96
3747
3045
1411
7488
3776
2519
859
6656
4331
3377
5418
162
5404
7044
9896
6197
8667
3400
2965
2503
7665
9974
7927
8999
7863
7258
8874
2571
4566
5120
3746
8313
9244
5157
6880
4098
7676
8818
753
3085
2194
7250
3248
8677
5373
3143
4873
5118
6544
8918
7622
4208
8891
6627
4286
7832
3885
3159
402
8451
9358
4148
7842
9681
9305
5800
4857
6981
4617
6690
65
7890
3939
4392
6566
9312
7536
2518
5509
4079
1435
4209
9366
1404
835
3651
9236
4720
7890
9639
4249
8326
4865
3170
8006
4170
8970
3942
2229
3587
631
3373
2555
4570
7766
9122
4961
5301
2718
469
458
4153
5757
9824
5557
6592
4554
5871
2391
3522
5509
7719
1847
1453
888
932
5623
9859
4874
8931
4524
5505
2303
8158
1153
68
8358
6114
6448
1075
7662
6906
6307
3418
7809
2942
1089
3441
8814
3480
6963
5401
1198
8810
6854
3166
820
3555
4103
5694
2485
9706
2277
4789
7863
3431
5936
6221
623
2384
7296
8286
368
4682
2782
8177
7624
3871
1617
6437
7351
9659
2917
9629
9548
9771
2794
367
3326
6897
7141
5811
6602
496
1678
4464
3927
7615
1763
4551
1077
9060
3915
1445
3741
6697
701
2443
1647
3397
8881
8998
3056
2876
9705
2603
2646
2498
4049
7051
473
1189
2862
8154
2765
5619
2618
6692
3233
4381
2321
5389
4519
7315
7914
9339
5091
8615
1782
6738
2011
1741
6814
6146
4617
6519
9828
8342
95
3877
5393
569
6145
9334
8723
8910
4952
2419
6681
9265
7880
80
4653
3477
7396
2566
3895
3565
2259
6756
302
4271
8497
7116
1495
4192
4713
1323
3612
4809
5200
9005
6457
2423
8338
6258
1333
3290
8678
9093
3633
