82
7406
8634
8152
7134
794
3709
7353
628
9617
1482
6866
6544
7371
3749
3737
3374
9552
1454
7487
7929
7280
9215
7219
9936
5773
9251
9782
2008
1017
370
2090
8423
82
242
6635
877
5030
3987
1505
5725
6548
9450
2268
3918
3198
7084
8372
3828
9617
5858
2836
7976
6151
54
7911
3002
9306
7693
5010
322
9142
7101
9824
9225
8422
6458
1180
4530
1523
3764
254
8072
3213
3601
3068
7490
1763
1439
1317
1379
7297
4153
9355
3448
5287
7266
6450
5671
6037
2539
7072
6257
718
6895
5481
218
4431
6661
4748
5954
424
6081
5104
3637
760
8173
2205
2523
9612
3523
3902
7988
8755
4336
2514
4041
2680
42
9712
9796
2581
6783
6052
3299
4756
2612
3517
9187
9273
9344
6220
776
6503
2402
5492
7263
574
7698
864
1265
2299
5846
9253
1053
181
2845
5095
3940
2887
5885
3735
5469
2668
865
9847
7424
3477
4443
7690
3829
3786
4988
4605
1368
7390
1175
8631
9044
9952
9496
308
2250
6420
639
4383
6601
3484
556
1619
6371
6441
6433
2918
187
7298
2765
8691
775
8287
6380
5683
3151
2446
1366
4519
914
2541
4229
9958
3572
4803
265
5822
1222
1983
1283
8902
5467
1839
520
2917
8281
6953
6914
8468
4250
757
7158
6104
9044
4616
1786
2195
8141
4231
6714
9056
6773
942
91
344
6824
1436
7245
8046
3419
8529
6947
9966
367
7467
3961
9727
5498
874
9274
9749
1632
7510
6931
675
2126
9797
3949
1345
4027
1742
400
1878
3763
492
3301
587
1928
546
8633
6426
153
5580
6391
1599
4125
351
2405
9624
1226
1678
450
3937
9188
8460
5691
2392
8256
9641
3738
3362
1382
5217
5240
5145
5709
9621
5732
8716
166
4365
5142
1398
1023
2611
4076
6227
2963
6481
5850
5268
8159
7379
283
7347
5839
5974
817
5173
5614
4555
8535
6996
9773
4854
3220
6560
4474
8952
6355
5719
4395
2575
8196
6497
6265
2271
2724
9228
8753
9653
5574
6911
7032
5857
5336
3949
2910
7233
9122
8524
1787
8736
6599
2638
3589
9819
277
9142
9849
7711
5939
4244
285
4134
1819
6550
6405
4543
6857
6236
5275
3509
4226
2306
445
640
6255
3355
7873
5376
1878
9661
4111
9556
3377
8779
9374
4733
8999
9223
2443
4937
4545
3807
9071
6364
1436
6555
1986
9372
3869
7261
2880
8095
9567
4404
8736
6900
7759
6608
3354
716
7347
8545
271
1803
7323
724
6536
7401
1025
8980
2337
5570
3865
2487
3012
5301
120
4998
4672
3989
2258
8632
2084
2903
4114
819
881
1873
8506
4236
3668
5853
2780
5018
7656
1181
5742
5270
8582
7846
4249
1998
3415
9194
4485
7507
5573
4605
2504
245
9673
5842
9956
1756
9824
4069
3654
705
7021
2160
4941
1767
9092
8800
6786
7826
1059
3606
3095
9642
1452
8424
2718
5946
7617
7203
4531
3189
2886
8115
4513
3637
3956
5547
5394
4858
695
126
5563
7716
3365
1582
562
2456
1460
7348
1360
2520
2032
4456
3240
4563
2879
5958
1588
495
4239
6119
4763
8204
4233
9277
1840
9268
5902
8313
4126
6597
9519
767
5392
2883
2350
5954
6419
3810
3301
7779
7409
6412
2234
648
975
6192
6606
3642
6687
1923
9761
2529
126
5073
2884
3046
4340
8786
1358
9545
5383
1955
312
774
4839
3741
6728
1257
7551
1107
114
4960
8598
2349
6687
651
8541
4372
4293
6307
6295
4054
9915
7501
205
2798
546
4545
1583
2983
5169
8045
4939
5481
8819
9778
9222
6625
2113
7851
8811
2227
3889
7409
5655
576
8060
5275
6027
2353
2660
2321
7486
2574
9822
7691
5372
367
3314
8034
4430
8483
6079
9369
5042
5976
224
5342
3680
3416
3193
2490
6722
8161
977
2377
9816
9038
8731
5842
2469
1390
8164
9955
3964
9064
8724
414
510
3116
9527
4940
2678
6684
4308
7720
2660
5611
4141
7419
9027
8413
9909
5748
6573
886
9204
6389
1002
7934
3309
3471
9324
2551
3425
4366
1615
3227
5859
2125
6343
5386
7065
9021
2069
2451
7820
5808
8062
1960
3226
8167
372
4214
4993
8024
5100
4197
5491
7181
2130
8801
651
2533
2430
5155
7978
4045
8382
3837
7249
5803
9223
5392
5903
1291
7843
4801
7100
6983
7840
325
6228
9291
4539
1221
7314
717
5418
2805
8977
8627
2684
9628
2238
5114
5861
216
238
5321
5132
7487
1124
4354
2879
8106
6724
1800
2906
4902
9863
745
6307
7169
35
1924
8390
8428
3721
4886
2311
2697
4592
4995
2325
6830
1188
8186
8125
1426
3507
3256
9992
5710
8689
3949
4894
6492
6829
7800
1393
6691
9624
7700
3859
737
703
3328
9165
4424
8214
1476
7121
2805
7550
9446
714
8738
8711
9918
1242
3296
4253
2313
84
2941
6262
4978
511
3090
3856
1905
859
3479
683
4719
5295
1386
8047
5538
5810
7339
7014
4010
1223
5643
4534
1937
5459
4323
1854
7781
7619
6107
93
8782
127
6355
3759
1717
9446
8694
4701
304
3251
6464
6102
8546
7850
5227
4084
4739
2566
2176
9828
3789
8898
4361
6805
4357
8685
9738
2137
7382
5845
2230
6164
7051
9664
1001
9847
187
9696
4548
1571
2946
1011
7673
2571
9940
3979
7734
5757
6545
988
5584
1412
9887
9946
8217
4243
9709
7954
7459
7090
4877
767
3253
3006
430
5334
2853
1697
5029
8480
3268
9054
9491
2019
2703
508
5998
436
6266
3621
1425
1849
6112
1311
2873
5407
6633
2581
4440
5170
9672
9317
5937
4003
3402
7446
9337
7334
9143
5444
5813
2410
4498
6382
5509
7201
6890
1506
8717
4234
6207
141
6084
2318
2531
35
7726
9164
2617
2165
4333
2288
2560
1348
7370
5962
8794
6707
4374
9016
2150
1265
2504
7727
8726
8013
6007
5616
9520
4723
928
5726
5943
7012
8044
8474
7048
5769
7637
743
9013
3048
4110
1573
4396
1479
7535
3189
9265
2988
2204
1415
4253
5788
220
2979
3800
6227
9674
4398
2028
601
1202
7971
8693
9247
6444
6819
6094
4080
7562
6186
8207
2750
7759
2602
4229
5293
6871
3494
9360
153
5988
3613
5941
6208
7671
9742
3514
8423
5218
5542
102
6421
3513
8795
6746
9957
6692
3918
5116
5332
103
4401
8082
7862
7004
2311
4234
4953
6884
3593
6185
3950
8285
2126
1236
5955
2946
4750
5456
8164
1371
5559
4584
4884
5432
2408
5919
3203
6327
2113
8535
6430
6515
6617
4292
4597
6
8526
9550
7969
3197
5734
1918
1482
8939
3154
8516
2963
8984
3972
2206
354
609
7869
6317
7120
277
2235
322
6604
5428
8858
3033
1942
6553
8404
6539
7638
8008
7167
6685
1205
3979
8603
2687
3997
2835
2281
6960
1818
7332
9166
3251
7941
7035
9568
6140
8391
2882
6462
4994
8310
6398
9106
1330
4029
7510
8948
2745
6596
6114
9430
7801
1171
8032
1566
5168
1946
3848
3207
4843
1179
3451
8095
199
1564
8741
6339
9955
1622
3879
6027
1010
277
5133
2340
5385
3721
1287
8131
316
8480
7560
9197
730
6671
762
5898
8617
5689
183
3459
7948
3635
2632
9226
5199
1373
6643
6233
4074
521
2259
5085
1877
7392
7425
7263
1112
9792
6472
2508
9350
4031
1704
79
1780
3545
7057
396
313
8319
4935
8261
1953
8646
8565
8232
1097
5207
4464
5172
5728
6723
256
8685
4115
8760
5947
6306
9630
3497
9893
8980
7528
2675
137
387
7300
8273
783
7613
6592
6797
6952
8545
6522
5516
6776
7619
722
2318
2790
7529
9042
4125
6213
4235
2885
3238
1619
3593
6735
2591
3651
5342
5266
3789
5729
2565
2061
7591
177
9732
5467
8208
8277
1988
3723
6131
9607
5524
9529
3476
3053
8570
7601
9266
3883
1564
2504
5502
5158
9239
9172
9888
5659
4438
3676
1387
8082
6817
8979
9339
6548
4445
7546
5903
6433
1269
3113
7118
6793
2641
593
924
2289
9274
190
7251
837
3773
3831
7074
4090
3003
6962
9750
7441
1716
1136
5522
9612
1193
4860
7239
5638
3485
4220
3149
4754
7333
1346
2625
1052
1939
3550
4420
2291
4819
1670
3129
8592
5502
1281
2681
8505
9322
3509
7024
2117
4646
3624
1728
6918
8485
45
2556
3048
4266
6784
7802
2677
8130
1505
4809
1148
6134
9229
4518
952
1978
8726
622
7480
7
4383
7063
407
7892
4086
2524
3616
7710
4253
534
7273
4298
4169
320
9643
952
9201
2320
161
1785
7129
2388
7919
7436
6906
8872
9414
5632
572
7972
5639
4955
6113
7125
2847
198
9650
6463
8988
4981
8076
7339
357
2244
8739
0
3197
7939
3399
4437
9724
1606
6825
8722
9042
3730
8672
9535
440
9244
8585
7158
4199
4698
4283
8125
5975
3932
5666
6041
8913
3742
3380
9270
5986
2118
348
261
1135
3747
4698
1938
5353
2601
659
5474
7411
9331
5008
7851
9653
4671
5009
4930
9369
9292
3054
5344
3223
8721
1384
3214
3541
5843
3562
9527
9040
3911
867
175
8737
6644
3192
5169
9246
3851
642
6656
4260
6729
4506
4991
1399
593
9922
768
9885
2975
7191
4186
2774
9654
8479
6315
5497
3120
6921
4536
8110
8867
5790
6846
5510
8982
2014
5834
3911
3735
3568
9250
463
9154
4241
1863
9747
5241
3710
710
9295
1979
4896
2069
1632
4454
9463
8208
7574
7462
3823
5683
6328
9613
3607
2917
9674
5622
9830
4663
9357
3398
4992
899
2551
311
3841
2297
5552
7551
3007
4846
9530
8983
7994
2240
4515
7457
448
2088
5997
4271
8850
3404
4962
2456
7400
5714
8078
7229
377
8514
626
5369
491
3177
5680
4332
6554
2310
2961
639
7156
3569
700
5150
5809
5215
3685
7336
7303
760
1606
7231
4164
7648
9688
1563
3361
8844
9872
3738
8436
497
185
8927
4754
6944
3258
1307
9254
7298
1946
6410
866
2647
2638
6676
7862
7402
4011
6244
8162
6697
4553
3405
4344
4240
6047
7705
3084
5918
2522
1519
7495
3786
1525
2248
730
4783
3555
9984
2081
6580
7472
4026
9227
1188
701
8168
9669
5792
5490
7831
3567
42
2314
7911
5362
9440
6694
8446
5358
294
1043
2852
4081
2568
5100
4811
8431
9734
5873
1590
6313
4424
5616
6619
5612
7397
4786
5281
3188
1354
4190
6755
2475
7583
5744
7837
7022
2437
7361
3458
3811
8405
6310
7892
2051
2488
3781
481
2221
732
3150
9614
5156
8767
6232
1847
6163
2096
7128
429
3450
2396
7184
5925
9979
4006
4841
8079
6443
2201
1537
1332
1684
8926
302
3736
1414
4083
5296
4714
5895
8447
4327
1050
8292
1637
2897
5533
3733
1103
5962
8262
4578
4224
4187
5635
8230
9028
3714
5751
2307
5251
7084
3992
4176
7386
7728
6669
2548
4102
1383
9522
3627
6789
571
1918
8427
4548
7451
3238
6730
4491
1500
1308
8715
6766
8022
8023
5793
1735
3774
9179
6986
1936
3170
2241
400
1976
8910
4027
6079
1371
3548
9706
9240
5199
2703
8745
9747
1232
1982
7555
5724
3482
9942
5517
247
7964
3540
7119
9699
8393
6298
7764
328
9468
1083
1807
1444
9993
5835
8602
2443
9383
8307
1682
5660
1009
426
6485
2242
2408
4040
9045
6970
3981
4561
7217
3023
9180
5415
3801
7572
1712
1564
8979
2258
2647
786
4781
3718
7700
3382
7240
8161
2768
8922
3821
4856
426
305
7098
3914
4345
7221
883
9406
1782
9179
3507
2040
4593
7308
9613
7384
9951
9670
721
2597
1534
6581
7395
9234
1042
4634
7395
3810
4635
1215
8666
5061
1520
6843
8975
6945
4063
936
7429
6924
115
935
43
5787
9323
734
4250
9273
403
4971
2949
1938
2630
343
2250
3672
6056
9645
7482
690
1938
7227
6831
4538
5148
6884
2561
289
8900
1068
8293
9015
3082
8336
5880
2404
9070
129
1677
9473
6179
4626
2489
9889
6048
5819
3560
3182
6542
2121
3873
8481
9348
1782
4097
4495
9745
7737
5863
8644
8805
4155
8737
1886
2490
4617
4291
1559
5825
7047
2111
3083
1672
5679
2971
8799
1497
7610
1980
8040
9731
6932
7599
9078
8714
2774
4651
9538
510
514
8181
9315
4669
6918
2279
8239
2613
7649
9798
8438
4695
2987
2599
7446
8667
6649
6244
1242
4259
9304
9282
3989
6235
7959
3067
6028
732
8797
5565
2321
9311
4824
2714
5059
1741
4994
3297
4354
2642
4173
3871
7338
8240
6470
5862
6906
4198
2106
9227
8457
2488
9588
2445
8723
7546
6591
5829
9358
5388
1393
1678
5777
6218
4393
1914
9038
9387
6290
3392
3107
463
8342
1523
8703
5890
7386
6687
87
570
5913
8544
3058
5500
2068
2859
4125
8659
8689
3482
5125
81
6239
902
7378
631
3895
6416
1096
185
886
4204
648
306
6806
429
6196
5270
8195
7363
5840
5186
6985
9977
686
9053
3915
5890
7712
2603
9372
2836
3763
5610
4817
1141
7321
8713
8636
8417
9977
600
3699
1703
1985
1584
2132
9260
6854
1405
6622
3773
6591
3607
4828
8356
3738
8743
4245
2528
1345
4695
6444
6188
1384
1260
8408
8705
1051
7043
8200
1027
8722
2978
2730
1785
4562
5941
1044
2494
7346
8746
7346
5016
3431
2174
3371
7169
916
8696
9698
3341
4469
7220
9529
5853
9559
7936
5636
610
6057
4915
2716
5857
7893
6526
7642
3533
3545
9765
7106
1970
8510
4452
6986
3019
7705
1435
188
9700
130
964
4119
4600
8184
3647
1531
7742
2661
8247
9431
9797
3161
3226
5653
2132
830
4373
6744
4375
4138
3849
6345
3726
9380
4409
6746
8163
5845
8013
7863
7054
55
1981
2732
8239
6708
5343
7059
9369
3589
7569
9166
6750
794
5897
8882
2703
1349
6704
7078
5487
1631
4502
291
1011
9990
8116
9174
6913
6128
8115
3967
6183
1175
7778
5500
7883
3120
3638
8330
6709
1206
8574
4537
3079
4471
4497
5782
5820
1200
3938
2385
2832
8440
3755
4922
8430
1871
5174
5342
7999
3289
387
5261
4464
9245
1839
2346
2364
5477
1754
152
7762
328
4689
840
4799
9187
6622
1697
386
560
5161
4297
78
8916
9219
9587
786
4393
4929
9865
7682
6395
6204
3224
5639
8043
6649
8004
4599
8403
9235
2360
8731
5002
3201
4608
4188
901
6305
5654
2540
1465
9951
3698
1460
248
3284
3325
4641
8213
4268
3401
5687
471
6625
1325
9594
3273
407
4192
1675
9642
6552
406
4644
831
6093
9911
2812
2398
6643
5352
4942
7673
9050
7481
7921
2334
806
2561
1625
5074
7041
8391
6625
3665
9717
7297
6938
1202
1488
9692
844
9119
1176
6567
1029
7270
7556
3841
746
4199
271
5688
2950
400
3169
870
3813
5054
4510
5438
127
1550
3829
7831
6294
4624
5127
3231
5826
7694
4001
7749
7892
6257
5394
8921
3526
2950
3840
4272
8228
4111
1038
1177
4511
5286
3126
8324
339
8715
4841
1546
1343
9749
9377
7637
5451
4504
1946
1276
2197
5947
9026
88
2203
5498
87
6808
8448
3927
1079
7754
9118
3197
9
4707
8483
4214
4110
8823
2928
29
368
4271
9778
9745
1907
5228
5327
4932
7583
8604
879
7687
9771
4161
3185
9859
969
2711
4864
3127
465
5060
6324
1553
9768
4807
5768
4956
4708
9775
4985
6155
5125
5841
6978
8111
2147
2305
3043
9730
1987
5001
8496
1757
9162
1680
2694
1209
4391
7559
4337
5935
2618
1739
8568
3464
7625
5414
8420
2332
5188
4483
9566
312
323
6544
9503
3549
9928
2545
3279
1914
7546
1774
3671
7786
4533
6366
8996
2
5003
4411
5938
8700
6150
5584
2164
4854
997
1662
7186
6185
7225
7831
7577
7548
4374
7079
1097
4301
702
5455
7294
9327
8308
964
7112
3919
8409
7186
3921
3411
1596
937
3190
8826
6521
5354
3679
7518
8095
1943
3703
5319
9774
2358
3946
5226
515
6122
605
1217
2655
7899
543
2041
8864
8734
5960
8351
6999
9881
1762
8595
818
4952
8499
7339
1384
2177
4857
557
5200
9639
6956
6052
1996
1980
1278
2511
8102
1883
4807
1835
9783
6429
3876
9725
5162
9836
8075
2160
794
9837
1834
1612
5867
1411
30
8330
3589
4887
9967
9868
5604
6922
5919
7600
8902
7197
1189
8082
159
5996
9917
9942
2424
3792
9666
8665
4706
7740
1904
5500
8656
4817
8192
5601
6228
8222
5010
9817
4187
4976
762
9791
2976
6682
7390
1877
4957
9658
1037
5116
5653
953
6136
9156
5824
6880
7820
529
5699
802
7108
5433
5619
5299
2112
1847
3520
7122
2742
8786
3176
3505
8576
6152
1265
7044
9108
7301
6701
144
3496
2353
2176
9632
2587
8000
7591
1486
9608
3289
2288
6716
9801
7908
3093
1912
9755
7693
113
3575
6478
3289
7080
5054
520
8345
3176
706
5646
9878
1930
9142
3309
4106
9852
5897
3185
7442
7383
3871
1809
9671
1665
1609
8657
4759
4601
9490
3530
4714
3065
7
8003
144
6140
9602
9569
9317
308
6293
9194
3317
6513
2502
8502
6364
9478
1686
4885
6860
5558
7773
7610
8302
9383
6266
3060
3983
6835
6590
9776
9900
7677
8857
1122
3816
8459
690
4211
9846
8062
4483
3162
4574
8065
2742
2017
7542
4429
7981
5481
1065
5753
3090
9367
6214
434
3506
1275
8348
1174
1050
8247
8851
9908
9370
3746
9445
1138
7957
9290
9201
2440
3530
4853
1583
6272
7949
9125
1779
5929
4605
3923
1682
8774
3290
8975
287
7875
250
8635
9049
2379
6882
7900
2286
7330
1645
1730
9547
680
2098
9826
4199
5628
4679
5782
2979
2627
4907
4758
8557
590
8682
1317
443
3050
291
730
924
1620
443
1051
4000
8404
8951
7365
6812
1674
9096
6359
2355
2272
6184
7633
8980
862
3415
1958
4569
9401
7795
4204
1069
7555
6600
1512
1683
6891
3321
3686
9591
4844
4738
4669
3247
4767
2033
59
6442
2207
7497
9876
4480
3680
7508
3459
5622
922
6496
1269
1401
4290
5473
2471
1845
2072
5062
4607
41
8384
8294
710
3227
3031
5379
7553
7798
7413
8691
5318
698
6187
5193
5178
946
2701
9716
7647
4702
6211
8916
6104
501
4388
9654
3425
7539
4715
8032
7580
3098
6325
8291
7404
434
4748
6036
8233
3239
4726
4629
3938
1992
9823
9116
4017
3602
9911
1663
9383
6121
578
5486
7701
6045
6218
1125
4662
933
236
2241
5110
7640
1610
3593
8075
7438
9629
7386
676
5433
2014
4614
8504
2915
4809
2520
6517
4719
5262
5900
1918
5840
2464
9620
2963
8683
1823
7625
694
2059
945
5804
778
3634
9397
8853
1071
103
7317
1748
6616
9331
6362
5119
3325
2249
8719
9842
6968
3980
6820
8887
899
363
9585
4941
9046
1407
3645
818
4546
4590
6622
5324
8224
7098
5255
374
8280
2571
2122
4895
2980
9563
1093
6305
1812
890
7226
9859
5949
4045
9824
6848
4408
486
2868
4532
2973
6513
5350
7519
2181
3051
3921
1483
1227
254
1857
9507
3904
5058
5481
6884
4621
7653
4268
7512
8543
2572
8449
5570
7696
9352
3497
3183
9838
6365
7715
2810
3956
4144
1407
6137
8274
5328
7620
9501
5582
9478
85
9486
4535
6645
7449
234
4297
2795
8825
3918
5367
8353
567
3062
7704
4064
6245
8620
428
5039
2509
4384
261
3916
1599
8535
323
9219
9114
6984
8696
277
7549
4310
6923
4997
5623
2298
8871
5527
7296
4237
3879
7863
8378
2661
3005
5702
1280
3433
740
3789
8896
1001
8785
494
614
9108
9713
806
6091
9488
2162
3639
4876
163
9715
1577
3541
9664
7104
836
4979
2061
9778
3357
4722
2782
9059
6003
7294
877
870
7268
2957
9655
7762
4650
9841
8553
6535
5932
9119
8697
649
5073
8861
1443
6651
2401
1106
4833
4316
7165
6895
5172
521
1616
7954
658
8698
6326
2614
647
3593
5571
301
2433
1299
142
985
7834
7153
1183
6530
8881
6256
5390
323
3985
8870
2509
9898
3185
9674
6792
8357
1273
9487
7389
1931
8185
3714
5624
8832
8386
1194
211
818
2493
1432
2883
1405
8585
4066
7935
7466
1400
4404
8868
6465
3273
1376
6362
7538
2128
4232
6973
3401
3718
5441
6411
2981
233
2034
2891
8620
4307
4182
9438
7879
5614
2320
9284
4199
7465
7219
2743
9945
1622
1610
6409
5974
4066
3849
3511
6194
8081
1563
9596
1798
7004
6006
5859
7237
9120
8750
6935
3426
2931
6373
1305
9625
9772
588
4902
8316
7807
7645
8260
507
333
5747
6482
5478
9596
1071
1672
8755
3713
2346
1631
716
9431
7490
9033
8550
6240
5967
1976
249
3418
4360
9874
4269
4948
4775
3663
3834
3498
3001
4341
3832
8748
1901
9310
9422
4052
2060
8176
7765
5485
9807
9561
4916
8376
8593
4544
5694
5638
6520
5943
135
1958
6896
4404
6907
2749
8067
740
6248
1067
6160
1158
893
9141
1546
1393
4271
3607
647
2035
9092
1532
2674
5086
9908
2345
9631
5601
7984
7229
1544
8119
9188
9519
3601
6094
2267
2746
7913
8515
4892
5151
751
5785
5370
2298
8257
9641
6984
8904
2755
7154
435
6508
2240
343
8854
1870
7023
6837
9099
9646
6034
9365
9164
9635
5458
2510
3459
4449
1024
8351
679
1776
5214
6049
5153
3470
6769
2136
3452
602
9290
3887
7110
2608
5309
5963
4478
3411
3878
4656
3056
9912
4020
2220
624
557
4730
4083
6085
6833
3512
6764
9688
8726
3892
5919
3274
660
8055
6726
2341
8424
1692
9451
1031
8080
5414
6589
1490
9292
1244
5626
282
6343
8925
1985
7979
3654
7148
4064
1565
659
1906
2332
464
5798
8251
4817
7537
6306
2622
9878
5808
5393
9329
6839
4551
5821
3427
6042
6191
5750
2746
7552
3172
1670
9538
1150
6403
6685
6293
7968
8423
9279
1378
9966
5076
9630
4783
3692
7014
8484
3569
2821
3876
3976
738
8427
875
5245
5547
7067
994
8293
4618
5245
9963
5234
6396
7444
2997
3767
6491
1420
3045
7869
2464
9201
8577
8326
2892
5590
6809
7540
9490
1763
2595
228
190
3470
5473
6816
1615
7546
6188
6234
2791
7229
2546
265
4673
5544
5111
1163
8043
9236
9032
1585
8436
7609
9912
2406
4277
7799
9946
4846
9563
2540
6153
831
7090
2704
7647
8705
249
4913
6017
4119
2142
8564
5463
6815
5186
574
9057
3228
9810
9167
5892
9324
7854
5803
1729
3210
3602
2753
8056
4243
6373
4208
5074
3462
6912
3799
2166
8240
8713
8184
3438
1933
7826
8901
9827
3011
9475
8883
7318
362
8049
3209
9686
6982
91
2493
191
3693
5247
8247
9015
1619
3533
4088
5081
444
7887
8326
9763
7678
6509
3200
9611
5413
3180
9437
8424
3733
9398
6820
4096
8526
1108
4860
5507
1199
7354
5698
5971
3679
5023
4985
5298
8556
151
1457
78
8038
9783
919
6795
7371
5199
6405
2783
8379
6921
2286
2111
6318
184
7286
5922
1292
3225
1428
3570
1657
8205
9541
5336
3227
4525
1712
1782
4676
3169
2939
3793
4030
3859
1666
2479
9058
9150
6342
7436
6070
8628
625
3467
9891
8991
9389
1183
3294
1896
4753
4951
100
5373
1365
4407
976
3077
7268
6732
7325
207
1603
1354
4066
3269
3834
4202
2418
175
2716
9568
9882
4420
4113
9772
3410
4580
2033
6704
6476
7866
2733
7656
3238
4098
2062
4214
8254
9330
2024
5578
615
3627
8012
5760
6896
1845
9962
393
3099
2677
9961
4059
7098
4073
4909
1586
8653
8022
9370
6208
5887
2102
3863
203
7280
7004
5496
5533
6333
7521
1111
8028
1147
9123
3787
9123
2046
4828
9516
6224
8584
9476
282
6760
4627
6270
8347
4358
4291
7716
1644
177
896
5507
1459
8176
3589
6956
4788
9923
5555
5899
9029
6702
6100
2815
6903
8146
7643
6418
5448
7306
6972
5730
4065
1598
1999
2411
7036
7370
1205
8680
8626
3181
5266
85
1356
8855
8120
7223
9856
3674
3121
8884
1454
299
2778
8358
9524
1499
5854
4971
8805
2826
1779
2870
4424
3779
5281
2538
2227
7566
1218
852
746
6484
937
2102
6417
9057
9326
6273
3809
3525
5156
6343
4904
7934
4700
4427
512
553
9399
9317
3379
1177
2186
8883
6035
7468
2499
8262
5033
4796
9115
6858
1279
1130
8960
8776
1266
9364
5048
6154
3968
1282
2496
8872
295
7196
4377
807
8829
3775
123
3286
6032
2310
3247
2066
856
5747
1407
6968
542
1600
3825
2901
3809
3863
1676
5075
4306
7803
1229
9353
9085
3725
9303
458
2000
3679
1265
1907
7455
2468
5193
4565
5857
8441
7710
7792
5266
9117
4759
6887
1795
9663
866
5605
4604
2542
1758
9989
1423
2987
9341
1587
7792
8643
2045
870
3401
4390
2777
1934
6858
7970
6499
2714
7489
4208
505
3833
4404
6343
720
6199
7084
1586
2882
1687
5208
4641
1676
7710
8707
2095
9297
6498
738
1342
7368
5218
6811
144
7152
3668
9194
3650
7461
7761
7858
9045
1594
3340
6466
3393
9540
3549
6058
2421
6315
2344
8141
9070
54
6848
1165
9351
3345
2982
1771
1792
8200
8582
3015
5351
3328
3287
9001
1867
1048
7937
911
3721
1277
8456
8193
1895
2004
5329
5395
9399
7674
3536
8468
7728
383
9633
8157
4807
2614
1007
7678
1892
667
1772
7243
3996
5059
7322
5863
7186
6338
7854
1985
7615
6309
1256
588
9393
6586
5983
8791
4259
597
7258
1986
980
7970
1221
6867
1662
2228
5623
3555
2896
7395
1876
7971
3533
9199
4912
718
5536
2765
3783
4229
153
5039
4817
9546
1624
1878
8336
5883
2476
6672
8948
4535
5720
1248
1401
7383
3476
8104
937
7451
5498
2813
6500
9031
3090
1412
828
8626
5256
4611
3933
5409
9650
8750
6033
2353
628
5447
8236
4183
2119
8263
8718
7839
9511
1198
6300
4065
9302
7237
2595
4799
1129
9095
4909
5298
1585
5737
5003
6842
1426
8936
3329
2154
7686
9363
4507
9393
4809
3822
3575
8007
3163
2292
5846
3752
4569
3224
7817
3870
1540
1490
9749
2669
1664
4657
9046
3249
1472
4048
1169
2898
2984
4499
5052
1748
3861
638
1140
8670
4460
5794
6677
7623
9165
3601
1374
3734
7904
269
7604
9444
2839
8431
2112
4503
3087
1158
8831
5638
6285
0
8536
9269
4499
4667
1016
8360
5305
3235
8108
843
9029
5863
9545
9273
542
1997
3006
8447
3345
1688
7890
6184
119
1081
1765
4285
3318
596
9924
9603
596
9538
8872
5095
5283
9888
4533
1666
4202
2640
2509
3230
8504
3132
3581
9046
5129
6587
7492
9554
9355
5382
6816
552
7542
8582
4837
859
9178
5839
461
9774
5377
9333
5947
659
299
479
2326
4501
3119
5914
8810
2701
9047
2391
2826
5254
56
317
5886
9411
6778
2702
1041
4319
1283
5879
6257
460
1717
6719
1312
8173
6051
8338
8833
7429
8817
2237
3008
3014
9230
1818
5716
9355
5288
8542
4609
6423
9938
1573
6913
7795
4275
7954
3192
5558
3832
9450
7097
6629
6168
9488
4801
3297
7825
4712
1805
6641
8028
4813
734
7258
7710
6450
6612
2997
6070
2299
9421
7086
3873
6333
4880
8148
5365
9152
4785
9198
8601
1881
6905
5847
2448
1705
9144
272
7497
2027
7993
5524
6841
8727
2781
4550
6255
472
8627
2324
2771
9126
9410
6644
6537
5369
4792
1901
4520
655
2177
4199
2536
9082
45
6063
787
267
6336
9363
2295
4328
4886
214
4133
8747
4764
387
9219
4469
3790
1989
3594
3199
9713
130
9647
5583
2032
5245
6238
4209
9444
9853
4370
567
5916
6236
1914
2251
5598
5288
7658
483
5502
2869
308
1344
3256
9527
5814
7046
2595
9408
1323
2307
617
2049
7890
3728
7294
4127
9016
7817
3979
3385
8384
973
9621
1376
4303
5218
6664
1960
6781
2165
5908
8168
3510
9164
7695
402
7288
1368
9810
9691
4754
1505
1739
2643
5233
9033
7849
4249
6849
2906
8713
6312
3880
8334
7688
8183
4630
4352
1222
2489
7596
7130
657
2184
7373
9431
2586
5739
798
2396
5429
5552
4980
7168
9274
213
7280
7122
5541
5207
1106
4253
1518
6065
3665
285
5327
8296
5716
6549
1863
3311
4757
2520
5496
3208
1950
8082
26
3827
1556
5455
9379
6537
3702
9731
7829
981
7931
3369
6188
9038
8701
8786
5102
2366
9071
428
1740
4786
8056
3603
9176
3892
7203
4671
7100
9153
2753
7126
2980
5388
3660
3437
1924
7362
3168
831
9422
1098
4200
6688
1214
3980
6552
6317
7425
6701
7824
9165
2565
6959
3846
1741
850
1048
7491
9029
1280
1322
7234
5339
6711
893
8776
9714
9334
1943
545
9834
4121
5824
7600
5335
882
4152
2730
8307
852
554
7471
4497
7513
2396
6238
8363
4523
4807
8470
5803
6130
5703
1141
2840
6596
9918
3632
7008
2939
5256
6841
8139
1080
4441
3474
1962
9672
6204
269
1602
7837
8819
6099
5349
2293
3415
4790
6817
8223
3260
3698
4352
8963
4840
8271
6638
5836
1902
4724
9854
7159
1565
7993
9318
7085
1466
1279
7835
8749
2627
9437
6586
2525
5536
3013
4818
8951
8883
2713
8252
3221
6412
2603
3262
1251
873
9900
8166
3855
4624
8019
1013
7268
6011
1409
5431
8556
2688
3265
8384
6395
2701
6048
9999
9316
9061
4816
9346
9022
8609
7597
2242
5020
200
5505
7350
2152
6483
5515
7086
2185
3533
9178
531
623
586
5962
257
4354
305
8641
748
3007
4688
746
3401
4828
6641
2746
3849
5249
343
7171
268
1622
2675
7618
4853
236
4211
1939
3501
7745
1116
4032
9447
1703
1073
9704
6057
1378
9424
7884
5464
4111
8630
8866
8939
6349
1611
3867
1598
3033
1037
2945
4655
4791
1642
587
5027
5853
2526
8528
4676
3642
3639
4122
6424
4712
3826
2480
6090
4328
363
2633
8439
71
1498
8457
7500
4188
3402
176
7222
4439
3121
2955
308
5842
3542
5335
1695
7147
4942
6371
789
8581
1572
7213
4371
6477
772
1539
804
2214
4172
321
2286
5670
8778
9786
937
2179
9962
8159
7697
4161
2192
8005
3
6814
4419
2777
3960
9361
226
4749
9020
2877
3041
4469
9354
3813
6008
157
6027
180
479
9392
6929
335
255
7866
3594
1295
7103
1290
6536
9296
374
7618
6109
4793
1473
68
5232
1699
5897
5330
4577
16
9799
5009
4908
5806
6246
2013
5986
7804
1405
2915
8139
2739
780
1732
5114
7884
4102
1649
8258
4476
9267
5445
9269
739
6592
4500
3517
3567
9830
9173
3583
706
4182
8491
6512
427
1583
2498
8231
2988
6492
7448
6806
8351
9181
1919
7313
4361
3568
6649
8837
3913
2093
9184
5731
8686
4762
9249
3331
4591
9500
6915
6376
3681
6484
2887
5187
8067
6464
4496
2133
2955
1944
8940
2385
2203
1937
9698
6564
6585
6347
5400
497
9519
4583
7308
9283
9345
7635
2614
5014
7134
607
2468
1894
7091
5355
7081
6237
1819
1577
8370
5853
3521
8388
8238
6803
1404
9015
3366
7989
6440
9845
9565
5958
5506
6872
5241
5929
4506
7855
2021
1640
8462
4489
4613
6631
9844
1693
2867
2741
4349
2316
8595
8949
1782
7911
5751
3186
8004
9117
1174
4443
8961
739
401
5545
8690
5642
1473
3196
4575
3494
5915
3036
7983
527
745
7827
3299
3613
1646
7649
7008
1319
6597
8790
9231
2348
1976
8313
2543
4229
2756
2583
6047
4236
8128
4737
956
9602
9012
5531
4174
6005
9646
2157
7611
390
1062
1988
5082
2708
9637
2089
5107
7313
879
5416
739
3934
3728
3282
9242
7563
6944
5289
1798
5072
1104
2754
5752
1194
9364
9926
8278
87
3161
6967
1557
4223
8955
6639
8011
9671
9808
3117
6983
686
8533
7722
5699
2260
2082
4940
9824
9027
1307
2700
5177
3490
6534
928
4684
5897
1932
2961
7064
5094
1006
8621
9317
9962
6338
8406
9632
6145
1522
6614
7910
1133
5414
3608
4473
7496
9628
5375
7601
934
8075
2777
4425
4608
4784
187
1584
6717
4228
8648
1810
5234
8347
2205
5195
4684
1690
4826
829
4291
2518
8739
5425
9011
3426
9898
6507
3053
6351
5186
5066
4425
9043
569
112
3826
757
1696
1621
4985
1422
4510
1297
847
6716
6493
5531
8406
2397
6360
3775
5995
6178
9200
5005
9604
175
2590
3735
6526
7777
8801
2030
7898
449
2142
1723
1206
4917
4424
7270
7418
8934
8567
8265
5649
6138
3795
5133
9615
1234
8909
5609
8491
9187
613
9173
441
3204
2907
6967
2059
2786
75
9957
3235
3296
2758
5520
9292
7182
3868
6709
6116
3514
6052
1764
9652
926
7977
9266
3239
7964
5953
1729
7150
6567
1980
7591
849
4887
5637
2908
8752
5712
3943
3066
87
6701
9665
9379
3883
3533
7167
9999
7047
3218
2841
7777
5223
1896
8122
8462
9860
5153
1269
8089
1719
3249
5679
3647
9215
2394
7634
7967
9186
1576
2111
9273
9357
1775
8651
3239
6387
5817
4316
4512
114
8236
3368
5337
1211
2568
4878
1070
7721
6147
9159
519
9397
5917
4166
8611
8311
1800
7656
8575
4455
9767
7847
3811
2621
7577
8129
86
4472
3523
5678
4586
2838
9046
1002
4049
1613
5880
6198
9334
3105
6436
9853
2501
2352
5098
2191
1741
7977
9847
316
3510
692
9242
7322
3313
6818
6529
4478
1290
1131
155
6955
5048
279
9036
9097
1892
5994
6373
2305
9100
2808
3236
2679
6239
9413
4870
7981
7389
4717
9376
899
5409
8617
9300
9801
6514
6907
4278
8883
9117
5513
6916
4164
5792
7031
4339
8764
3024
712
2147
3202
3520
6462
5882
9760
5875
751
8819
3263
5468
9273
5241
1955
8968
4540
1755
5481
2526
7113
5442
1642
2625
3437
6886
8417
467
1224
8259
3491
3015
405
7773
7615
6868
3654
8453
2742
4405
7271
7084
952
7622
2325
3986
6589
7944
5742
3149
1548
2854
8591
3191
6558
2027
76
4974
3573
2379
4312
8144
6474
4717
5916
4088
2663
9570
2540
5405
5053
889
3568
7084
8511
6972
1070
5099
5994
7891
8248
7543
1823
7918
1812
8381
1023
2967
4433
4597
5346
8745
3819
1819
4541
9735
6986
7204
382
9526
3688
6514
414
7256
4677
3
5306
5747
5103
1299
4716
4429
9921
6539
3425
1732
4919
4449
4699
430
124
1124
9176
3943
4022
3716
4756
1008
919
6217
1612
4607
2730
3106
2941
7407
3109
8247
4232
9291
625
26
3720
545
6565
7145
2278
2562
2672
8056
2993
3875
9180
3247
7818
4281
6963
3652
5289
8961
9869
7980
4647
3678
1085
8667
2163
4195
7993
7475
3485
8618
7501
8284
9163
5145
5429
2519
7707
9180
1654
1778
3055
833
5025
1951
6193
3066
5604
1481
2027
6551
9462
7753
228
1625
6419
2392
5820
4411
945
384
4107
8446
8668
4349
3590
5175
6868
2376
4355
8522
4154
8489
434
258
439
6627
3324
7122
9188
6430
4752
9728
4182
4980
1352
1680
8451
8252
6091
9396
8636
1277
8921
7303
5626
2510
2478
2493
4886
6833
2094
119
5321
3607
377
6839
1312
4780
5040
1578
1210
9792
2384
6471
4771
3737
8151
4301
3067
5321
4775
1702
6598
3695
83
2223
7285
2561
5795
3249
472
8968
3368
6872
3653
4824
4790
6045
9605
9830
7623
1893
9621
7
8364
5470
4823
7594
9771
8969
2914
5625
670
590
398
753
3892
7683
4394
765
932
4866
9734
5379
2817
4465
1282
7607
509
1965
7436
9212
3858
7056
9219
2221
2525
5120
893
3375
4088
4886
9000
5837
5476
476
7669
446
8160
2062
1212
170
8008
2024
6628
824
6489
8989
9510
8078
953
6945
7289
4811
5079
6507
8112
8683
2705
9005
2057
7872
3891
2135
3708
445
2612
2455
892
1850
4518
3183
3099
3604
5207
9727
5507
2774
8716
5016
851
9669
3039
8140
5559
8118
5725
4749
6800
8430
3753
9937
7380
8723
3150
1087
247
5762
4622
2218
8691
9140
5401
1789
3822
1686
1516
9329
4460
1310
4344
6391
2057
7383
4530
7616
5500
255
2364
3378
9764
7197
3314
7144
6998
6465
9310
8324
3305
3931
541
1996
4149
7021
4864
7971
8707
6380
7299
4246
8769
1642
636
826
103
6245
8442
6682
6500
1885
1139
7343
9082
5532
4486
7158
1996
4874
5482
6381
9885
6023
9456
4033
4123
4319
2004
3908
1778
381
8154
1625
3103
9869
2451
3206
7193
1972
967
3692
3857
2106
2113
4017
7638
7678
1174
713
2552
7735
8173
2436
3758
8707
7548
8960
3025
630
2867
5882
1012
2100
7508
5194
1968
1037
9479
9161
3009
445
3932
7945
3630
7124
1961
1268
4802
4215
3060
8433
1949
1232
1947
6786
9939
9495
5745
4042
125
8613
1003
2216
712
9590
7410
3759
626
7967
3999
4715
8413
9010
2659
2042
6133
5700
4389
934
9915
7449
9367
2942
9760
1313
9729
9698
1887
5473
4819
2012
5164
5822
5307
6955
5411
3795
714
7116
1761
5792
1830
173
4801
5569
3295
933
1268
8763
1868
2261
7291
2313
5203
7050
4706
4931
7827
6593
1483
2645
9684
7726
9546
4990
4681
4956
8785
6474
3150
1624
2265
6060
2877
7066
1628
6172
9078
2896
6013
2024
5157
3303
4338
359
353
122
6370
9259
7794
7853
1903
7477
6657
1448
3545
1337
7483
3408
8890
1711
5032
1154
7771
7909
9299
9399
5159
8377
3373
1172
400
9609
4475
5817
1047
5907
5939
7417
5165
4811
6348
8147
2287
3004
673
6911
4342
9235
318
4310
946
6430
5465
8717
4338
5842
9195
576
4218
2567
1748
5698
2176
7302
2593
3223
4288
9612
1718
9453
4422
8066
8679
6710
2148
9352
3620
7569
8587
5018
1879
611
1447
7344
9328
6864
4264
9601
8519
8483
3247
266
5259
5423
8648
7852
9725
2935
7463
2521
3466
1885
1665
2144
9674
3813
2575
4372
1382
2240
468
3261
2851
2994
1683
3257
9859
5947
2858
9456
5508
6105
9723
766
2606
9449
8619
3409
3462
7160
5930
6928
123
8674
151
9797
2486
2726
4169
3868
4966
5716
8208
8896
8711
9891
2152
8569
6917
6089
8024
2424
2193
8825
3191
5878
9352
2888
9287
2813
1126
6295
9742
1250
4968
971
1046
8534
3697
6294
2401
9742
2010
1688
8637
720
1578
1867
367
9574
7957
9470
1998
1228
9374
6268
7107
8725
234
7472
2617
1360
4846
2358
2610
892
4408
4736
9426
8105
2108
2906
8925
5197
4594
8640
6996
7251
1585
8442
6825
9542
7912
9902
1849
8364
6169
8956
8167
6403
7506
783
8842
2351
4220
2531
3244
8628
7267
3748
7811
453
6654
6735
6730
2326
6453
3725
656
8039
3246
8560
8659
1157
8461
507
599
4629
541
8766
2110
8048
9550
951
398
3769
3482
4721
2397
1827
9549
207
2281
7281
8022
89
9608
4474
4893
1342
3591
8139
9902
2250
374
8362
2757
973
2990
3299
9740
5100
1346
367
6051
2823
4136
612
8624
7612
2439
8172
7820
5799
5452
6920
5888
6138
1393
781
7480
4985
8920
7381
8314
9295
5742
1070
1346
9811
5448
2164
4910
6794
2531
2040
696
6668
2652
398
5358
6170
8570
3177
1969
5100
96
7857
1238
2569
9717
9797
8633
9716
7178
6946
88
3998
9095
1434
3809
4543
3599
9798
2415
6130
2916
3111
3876
6647
3509
9235
2817
3157
3490
4786
9337
4666
3721
1653
8314
3438
1449
6946
3153
9706
3891
3241
3704
2985
5754
8592
8607
9353
8389
1022
6562
1305
4133
437
7952
8722
750
768
2957
5320
6633
2293
9986
354
3946
8299
4871
6475
5244
9103
6180
213
3422
9884
4277
9176
8475
2884
8529
7943
3906
6169
9248
9118
7685
8278
8918
8436
125
1875
3755
6758
5247
4819
8191
9194
3117
3061
6747
9440
2163
2926
731
5585
2810
6087
5840
2363
49
5447
305
5034
1615
631
4152
9300
9989
4148
8814
1192
7102
3647
7950
2349
9545
7220
2621
2661
1359
9368
3179
3523
2293
4989
186
6182
1076
6026
9625
1125
2551
1008
6160
4166
2719
1390
4545
2707
6617
4437
3899
3719
8085
2927
6068
8708
1225
8689
2448
2585
9135
5627
7187
2506
1695
7373
8689
2771
4478
9392
4975
7029
399
1134
2274
3118
3603
6819
6904
220
2334
802
3939
1497
4809
1085
205
6034
852
2653
8619
9987
9359
6884
2492
1053
5336
2259
3824
9814
1650
8800
7921
2050
1012
1273
6247
5695
9171
3151
5915
1505
5032
932
3002
9841
2017
3207
6954
2869
6939
6651
3934
6298
3535
7505
7351
8871
9765
2254
9763
1414
2132
8762
4543
4223
35
790
9918
9206
3941
6911
1789
8973
8922
4792
9893
2017
9078
6846
5965
6017
4575
9899
3393
9189
7404
1822
8059
8247
4076
8900
9661
7287
7662
5283
1510
8776
6073
2506
9060
13
496
849
64
496
6720
9957
2514
5797
7881
8479
2892
3535
8378
6285
2723
6860
8108
782
5106
3262
9682
5845
549
8422
1127
3138
7197
8279
6723
7336
8292
8298
8185
9436
8795
4904
470
1308
1779
9431
865
5751
2965
9243
3114
5688
7181
1221
6470
2286
5563
7231
9211
7191
6731
337
328
5007
8617
8130
2342
7987
7507
526
8501
6301
6509
8972
8688
9367
8402
9553
6196
1366
9875
9311
7054
8134
531
4603
1499
7173
2912
709
4363
721
2125
5770
5728
741
3900
8070
9808
2485
9675
9387
8786
7262
8358
8552
7708
7838
9183
3903
9204
9057
3213
7337
8270
4824
3018
9769
1996
7009
477
6360
7730
2602
2129
3458
4423
7108
2606
5309
671
3360
4695
9457
621
4132
9087
8329
1969
8270
2232
2252
8405
5445
667
6674
1347
3685
7521
3344
1772
7998
782
9502
1679
3990
4038
7181
1098
7724
2489
1769
1083
7184
2305
1704
2394
2470
1112
4364
1818
3344
6616
1302
9868
7283
7976
1215
2046
6576
5638
4897
4573
6420
5477
7331
409
9516
4511
2586
8318
7000
5435
9401
5263
7740
2183
7657
1288
4374
3099
3107
8797
9715
4409
8665
8076
3463
958
1200
38
6596
6097
5691
3015
1574
3021
4503
2168
7533
7090
1564
5611
2524
2043
1952
1342
4226
688
2630
9680
3787
6816
8476
4581
2303
8219
2656
5767
9177
4936
6884
6851
1032
2574
944
3685
6675
5448
6932
5286
2537
8496
896
6140
538
3928
7482
5844
4616
1190
5523
9482
8007
3998
4062
309
2217
7798
7155
2472
2733
4039
9324
4844
6613
1346
9609
4366
6794
6540
9652
409
6115
548
6549
6653
5555
5109
2496
170
6300
9098
9652
4306
3096
4793
5694
6392
2590
2849
8864
6402
7967
9266
2324
5658
612
1932
24
7406
9552
9676
8895
5666
1302
5443
3397
6857
552
6973
8106
7931
6070
8837
3315
9166
3629
9009
6636
7298
2936
5500
4778
902
4765
7102
6561
5377
113
7664
3862
743
7339
2756
6409
9721
9278
884
6577
908
7857
5762
8839
3927
4598
2153
4171
9306
1162
807
6603
5177
7386
1380
6080
3229
9561
3719
9686
9674
2461
3547
416
9800
7382
7904
598
6659
8789
7176
7568
6645
4016
6406
1650
8614
9639
6901
8998
800
7708
6679
7056
6172
9138
4214
9401
8698
9012
164
9451
1472
3711
9867
2351
2171
8850
2949
9910
8717
1203
7477
6440
5219
4961
8091
4911
5678
4991
3908
7557
3777
586
4613
1027
9724
8827
1506
9501
7839
1671
8951
9311
5382
9896
2740
8633
8745
5690
8542
7461
6893
7097
3901
2112
3136
3070
7023
8815
9140
2010
6371
2916
2596
983
5022
3399
889
6528
2899
9807
8199
2928
195
4660
2823
2936
3292
1568
8626
1833
107
5518
8
5087
7630
3144
8157
5732
3037
7296
7742
9409
1290
1416
1470
7391
5894
2359
3919
8793
2165
2117
1720
2361
6777
5623
5297
1147
8270
5001
4059
8377
518
4067
3464
9228
8291
2699
4959
1327
1074
2700
1814
3443
5195
3285
834
1089
6723
5832
960
8889
7949
3760
2328
5805
9383
8704
6952
7652
4783
2090
7107
5301
6157
1649
4528
5526
4349
565
6854
6502
4344
8668
9945
9540
3031
1857
628
9755
7689
2667
9722
6717
6427
3128
3600
5809
2910
551
4539
7693
3720
1646
2993
9878
3295
8601
6482
8723
9166
3335
5224
3510
3082
6248
4128
6113
9184
5835
5867
6873
8502
5588
4668
4929
9795
8268
1816
2704
9898
7435
396
3618
9081
3390
4574
3454
3069
1055
2177
2234
4391
7401
5744
8552
4727
950
4664
3911
6785
1610
1862
5287
8277
6530
1294
8072
4797
3110
775
5773
544
1172
9391
703
5641
3964
4158
8710
6099
6335
943
1568
4814
7767
119
9542
8717
5862
4531
5502
7472
6393
1867
5749
2922
3161
3820
8798
7350
5674
4570
8974
6846
5040
9677
3565
9004
4913
2274
6181
2326
4297
7749
7141
2063
7868
7761
1858
3730
2291
8439
2280
9763
305
8029
2684
4545
2927
2560
1895
8602
8209
1947
6526
3248
2702
91
3331
7616
2365
9512
9942
6662
7261
8161
9804
6207
7000
2741
1015
9291
2258
4375
131
3643
2403
3894
8188
5331
6454
1161
5011
4663
3108
1536
7911
5811
1627
1241
4505
3993
1832
4446
1733
171
3686
2616
6378
685
5357
8473
1055
7615
2847
1186
1257
6329
5081
524
2738
1534
1685
7749
7276
5873
364
6266
2762
1991
8586
7267
7063
417
2791
8797
588
6477
2491
8046
8242
7848
7597
9297
6541
1522
482
8878
7851
6642
9402
1668
9256
2165
9417
6531
8038
859
2796
1878
2851
2461
9145
992
2878
3015
867
4546
9492
3358
3670
8812
1205
1266
8108
8826
2788
9670
7703
1717
6311
8183
3385
5566
347
3881
3176
9465
4740
7051
1342
8670
9512
1566
9663
3469
4581
529
8015
5151
3888
2763
3963
6172
4029
2070
4997
7896
2818
3778
691
208
1960
5156
6853
2308
9037
28
2851
4855
8159
4193
3525
7670
6838
3187
2217
1418
4795
1310
6570
8683
4073
1611
4855
9181
3681
930
8155
7579
4709
8847
7787
7748
5081
4639
55
5196
5747
3985
50
3905
9258
4654
2653
6095
7841
5950
7514
3715
7260
5162
2397
1333
6773
8331
1592
1532
9262
9748
9111
5049
9673
7976
2796
4753
3694
3931
9949
9441
8995
1077
4424
8252
5732
7077
4347
4651
3026
2939
8366
1365
8101
763
3777
5952
172
5369
7484
512
6195
7674
5561
5867
5649
9437
1698
421
4446
2725
9862
3440
3803
4285
2771
9535
2441
7118
4185
6546
1135
3630
8990
314
4393
2766
6266
5644
9215
3749
6157
5409
2501
2796
2355
9230
3311
5132
9651
7757
7858
9513
2276
2739
4876
6126
2273
8396
3243
7537
4942
5457
1166
5010
5771
6638
7777
2036
3361
6991
6864
9518
3478
9366
2313
5833
9674
6704
965
9324
4460
9902
9915
7815
2640
5870
3940
5992
4265
8262
4607
285
3718
6853
5296
9489
4569
4151
1524
7930
1141
9468
7447
4619
9912
839
1531
9585
7543
3575
9987
3081
3476
9902
1975
7195
6850
5915
3186
1114
5256
7793
2479
8974
4645
8854
9542
293
3004
2144
8223
5224
1611
5670
9843
1522
7588
2452
2185
5130
6027
2172
9290
581
3152
1264
7776
1
8259
961
1115
3514
9834
4673
3566
5557
3526
4186
5850
7609
6331
4073
2832
9021
821
3754
1622
8409
6206
3807
4617
3312
5979
3906
3893
9131
6250
1669
9132
4508
3709
1326
8022
3542
7078
2666
9100
604
6853
4949
9292
3183
100
2124
3282
2000
6957
4904
408
3162
8712
6104
7553
4690
1089
1446
4900
7339
4194
5110
2925
7903
6436
2025
1445
3514
4691
1623
5197
1543
7651
5567
5805
7752
7691
9088
9752
4647
5070
1239
8889
3781
8422
6441
9551
589
8966
4450
7928
3159
638
1931
1062
7075
3956
3586
1667
8648
5209
7943
1269
2859
3509
8154
1689
2279
8320
2520
8005
3389
4838
6893
8250
3259
4413
7800
3849
3378
3328
2855
7617
3966
4787
9758
2119
8743
3343
4865
8469
9631
3886
817
3568
8475
49
5258
753
8369
8857
8758
2836
3694
6730
1085
6953
2221
9964
801
5599
3291
4736
4294
8337
9523
4051
455
9344
7394
6400
8892
7024
285
787
592
8760
836
6929
591
283
5785
428
4198
9479
7158
5284
7510
9379
6326
9391
6056
9618
4126
1429
9033
3648
5480
566
4070
2874
6966
2961
976
8331
4827
2647
7090
5663
654
7682
7025
7518
8110
1223
8075
6346
7586
5585
6803
3911
4975
3937
4607
9101
5366
4718
3827
846
5285
8976
4799
2250
3016
6854
580
7843
580
8750
4585
1234
7510
1609
8753
6698
3911
6827
4122
2575
3490
924
6487
8465
5940
2172
8644
1306
6891
3549
3231
2175
2525
9109
5504
5541
5962
7164
4462
6542
5913
9047
8856
4501
1735
8687
1198
5646
6592
5320
8222
82
7323
5787
8547
3262
9038
8270
5647
5928
1818
8878
9182
5422
9065
5765
962
6106
2928
5425
2647
9920
5550
2581
5499
7285
1267
6697
2931
7860
3095
2231
7942
417
8018
7567
3679
7055
6915
405
4062
9813
361
4322
5234
9427
1165
6197
5532
4093
2700
9258
5091
8250
1839
589
5535
4185
8365
9545
2044
1459
1775
1064
2955
871
9711
6635
9005
6625
7040
4145
6437
8480
8468
2750
7906
9633
8947
3437
4805
2725
3774
974
2053
5613
2643
8667
876
2086
8211
2921
3546
1064
5064
6501
1935
5853
4214
2019
3557
2332
6164
1072
812
5710
3822
8718
6422
3847
3234
1226
6572
8087
3279
8626
4778
7001
7292
5654
9088
6582
9654
2633
7646
4718
212
660
1649
5506
2679
5206
7838
8843
6279
9729
5632
100
9526
2053
3948
2759
4358
1598
1924
7637
1302
6702
4638
9674
2355
3725
6255
2009
7437
4979
7806
8728
5639
9455
4233
9397
5740
3150
9319
2018
2878
4950
3197
2403
7003
8224
6241
1360
9823
8165
75
2203
4866
5792
1876
8301
595
9210
309
8032
4189
9194
7839
906
9727
2071
303
5466
5221
9622
7484
8100
5650
681
1581
2652
9984
7823
5091
884
5987
5166
3088
1932
958
6043
232
2632
5253
1620
664
9442
813
9582
1426
539
1652
1729
6006
7953
2429
4568
6052
8079
6328
7633
730
6312
6534
6900
7196
2521
3145
1362
5532
5182
7406
5764
7814
2658
7384
8478
3178
8197
8059
4604
9815
790
7413
5820
8743
9842
1467
5873
7921
7795
4584
9730
4106
1118
7709
2381
4718
853
3743
249
6035
1148
7092
3848
3806
4475
3405
8063
3750
2542
2667
4643
3332
1158
1542
3153
999
3009
104
9999
803
5768
807
5989
7965
8516
8370
2682
447
3191
4010
6482
4340
2180
329
9225
6655
4813
7288
1483
7356
1033
6126
1766
2191
7668
5999
4269
676
6103
4268
2559
2949
6154
8548
913
5748
7996
4674
6195
1186
9763
2676
6605
1942
4084
5830
8597
8898
4196
1158
7332
5229
7285
176
8499
6031
6175
2767
7787
3357
8114
345
6306
4267
9972
8299
14
7967
2972
6209
231
2735
8885
6837
4677
4048
3745
4353
4024
7941
5511
1355
4248
3874
1531
2746
9906
8786
6592
7692
2142
4706
8037
9527
8973
9087
7825
8988
7053
797
6275
7284
4611
6239
5199
9288
286
8944
3640
4310
7963
230
6744
2210
4104
8275
6035
5088
7060
2627
2779
280
7333
1894
9808
6305
980
8711
6371
9112
9508
3725
7475
5197
9964
2673
4485
249
2696
9204
5638
1737
512
2381
3948
4617
1734
1061
783
9874
3688
4642
153
2099
7615
1039
9484
9675
9751
5854
8786
336
657
7339
5534
620
1091
1097
1948
3787
300
7586
6603
813
1045
550
6509
3859
2691
8371
3732
6379
3012
3885
8479
627
6004
7962
301
5754
4894
165
6090
5552
7505
2702
7251
9675
3799
9200
3461
5179
7864
1142
7071
9989
1693
4658
3847
4384
3028
7579
1841
6041
2542
1398
7747
8546
9360
9127
4299
5333
9292
1468
1963
7875
5249
9214
7549
9049
8413
2088
4227
6277
3231
2376
7344
6003
7034
1190
1465
61
8769
3306
7181
1310
4705
4927
9857
5143
4053
5234
1554
4424
7781
3517
3377
3030
2731
926
3157
2222
4093
7384
9578
7324
838
6921
4405
7872
8111
5870
7933
6879
255
5114
9269
6039
1119
203
1181
6252
6516
2736
675
4297
7332
4052
8406
1141
6057
1562
3364
150
24
2941
8553
862
9863
2958
8734
9052
9907
7745
7010
161
2858
6278
6200
3978
7560
8461
229
4075
2275
1983
9451
9607
7114
7856
748
3171
496
5191
4400
520
8132
4031
1382
9073
8068
1194
8125
7975
8940
5134
9215
2876
2490
6494
7933
1128
4954
9241
5203
7229
1223
4654
7914
8338
3588
9741
2587
4085
4931
8066
5684
4142
2096
8146
3214
164
9340
2417
9218
9358
8630
8432
2234
2198
4925
166
3326
957
9408
8530
9265
1709
4262
7179
1125
8929
6919
3712
4092
2929
1777
9777
7071
4953
7922
1363
6196
8340
3781
5413
7698
3489
4923
1010
5688
927
1176
9014
2963
1662
8622
2228
3372
3962
9407
4497
3970
7404
9289
8062
332
2144
7838
8482
7097
6838
9846
4371
5178
3626
9784
3954
8194
5786
4964
3881
7792
7219
3974
754
8882
3674
2982
3332
8716
3467
8908
2685
871
8196
746
2282
340
9664
764
8516
7580
609
2887
3836
5314
3749
7790
3507
613
2753
8468
8405
9973
3520
238
9933
8273
4299
3264
6988
7767
2171
9673
9717
1446
1498
3077
1786
2240
3841
1380
898
5529
5346
4735
1921
9096
2524
6508
787
5278
4975
271
6329
9574
509
7340
7846
5887
603
4834
4732
3853
5585
5527
5299
8162
8605
8164
1480
3524
623
2379
132
5969
7114
2053
5064
9638
8561
6931
5994
4614
7202
3401
5266
8790
740
3112
4676
2422
9025
9409
6276
5688
4935
2653
4929
3539
817
6409
8143
1440
8788
8275
8488
6980
327
4631
7697
9968
1561
4769
4581
8763
8171
9848
7552
9990
4038
2227
2412
3062
2714
9767
9829
8729
2419
4757
2267
4315
1166
1488
6834
1032
9763
5322
9092
1169
9953
6788
1136
2592
1556
6796
1354
9727
7722
9985
795
1759
3290
3207
5900
6005
2973
5729
4733
6471
485
8079
1865
2730
646
9778
3763
408
5099
3933
1577
6130
720
3792
8722
2276
588
1154
3082
8310
1138
3877
69
4429
8163
7048
1512
2214
2776
7324
8685
4341
6481
1628
7071
7127
1406
1912
7536
7584
5845
191
4793
6565
3984
3514
9921
5651
5748
4081
3960
6886
7958
5108
2393
6120
2156
4984
8334
6011
2307
8097
351
8789
804
8502
5915
2210
413
4529
9794
7338
4721
5665
4981
9784
258
5980
5434
6006
60
472
3970
8018
6660
6364
5216
8816
1347
4628
4826
4734
2725
6257
3522
3529
4758
515
6818
6250
5045
7690
3587
844
3355
9648
1706
3613
5627
8219
9619
5688
8691
4667
4784
5350
1030
0
5244
3457
4628
1149
9270
8432
7406
3870
3039
3242
4385
9857
9492
508
8626
4158
1352
1980
4884
4137
6672
510
2355
7369
6198
1046
2035
982
7475
4145
2061
2719
7602
6689
3868
7950
6200
2352
1819
9239
5594
6204
174
6164
7792
8800
1400
222
1858
6284
4360
8530
7874
6715
5898
4071
7761
7933
6132
6315
2077
9272
9034
757
7040
3980
8707
3239
7411
525
2477
3004
7809
3730
246
5600
2529
2726
5822
4387
9010
1260
2916
6883
7976
9893
2033
6815
7826
9244
3129
981
8516
3241
1739
6634
7221
1524
9873
4631
2050
3428
8714
937
7159
39
7616
766
2765
4516
6233
2853
5777
227
9737
3752
120
2848
566
9025
3170
4775
5
2764
8016
1744
9398
5237
4348
9270
946
7477
3777
739
8414
935
778
7108
2780
4622
1623
9013
7475
7400
9241
8290
2230
9361
1137
3876
9464
4308
8651
9469
7072
6666
2292
6470
2981
6640
6818
5007
4116
594
5746
3608
2608
7603
715
5389
2224
2338
5480
777
817
4720
9068
3047
5159
204
8002
4622
5591
6652
5170
3742
4397
7462
1290
8457
4101
8108
4542
9296
9782
287
2903
2389
8969
3618
8857
2271
7035
4337
3049
7852
135
2116
1978
5295
3399
9980
995
8991
7711
6165
3811
3186
4705
5101
1642
9885
4287
6185
9180
4068
7551
2082
7537
7599
6779
7472
9870
3814
1808
2918
2744
3023
6113
4722
9397
9513
4702
391
9582
3491
7636
3392
6677
3419
8493
9398
3304
2779
6661
2483
7927
4212
5645
5463
2889
3502
2934
2758
8395
5822
6756
1139
9924
2868
5861
9320
2380
1641
789
1961
5132
8425
5353
2887
1844
4924
2285
6227
8783
8946
8710
6709
4236
5433
3250
7125
14
7263
9884
8409
4163
7718
9548
4086
585
5409
3405
2966
8129
4195
4927
4340
3698
1359
7227
6621
7362
9512
2847
6144
9537
2636
2852
3772
9148
7181
1976
9162
4444
2938
7571
8607
655
8197
3772
1240
3605
7177
4206
2813
2450
212
7153
6149
2650
4379
3848
11
4970
6696
6156
5585
9332
86
9357
9558
7268
2411
8720
2790
5349
7369
2475
6004
5565
6247
8324
249
4503
3608
3062
6953
4899
214
4180
7549
5672
8029
8640
1720
4724
5874
7305
5134
5960
7741
4691
4306
151
4489
7096
6580
1857
650
3662
8502
6897
1985
8751
1399
5594
1812
9432
492
3105
3611
8042
9856
1639
7760
2655
7442
3633
9960
3654
9593
8779
9425
4978
9
3913
3152
6589
6850
3802
250
5351
1778
3315
5180
4256
8909
8071
3687
9401
2254
7299
8521
3188
16
6280
5843
8538
9913
6882
2191
584
5660
1615
6641
6748
6608
9793
4415
4536
3595
5745
965
5373
9060
6145
9629
7968
5294
4395
8447
7548
2772
6968
735
2788
3247
7658
1325
4239
4539
4596
5902
1277
6211
2542
8026
3897
2334
3519
8433
7008
9264
476
3459
9402
6621
4167
7369
1914
8562
5816
540
1333
3862
2355
5200
7109
12
6526
2426
4551
2200
9407
5828
9490
1948
4932
3387
5362
9531
2898
2369
8794
3375
5829
8196
1074
1074
6643
4068
9636
3537
4608
968
7399
6963
7247
5587
8054
4851
8013
2604
7051
8499
9512
6541
446
5522
1006
5808
5052
3904
9257
4925
8358
6164
4199
9433
7238
841
3500
7952
4379
9187
9999
2856
7229
7245
8443
5282
2096
7535
8966
9147
6033
8477
6766
6479
5077
7772
3366
1208
2755
3701
6133
2191
9865
331
1623
8181
2251
6202
6132
7709
6468
6130
565
4775
4453
86
56
6549
7621
100
6775
3653
9656
4619
1211
4733
3470
5656
5941
6225
9357
2073
9495
299
3483
2197
9559
6813
9478
6769
4522
5945
3977
6166
719
8430
6252
1855
4979
3873
1955
2832
8605
1611
7451
894
7423
920
7629
3363
8224
8064
6515
8798
8363
1076
994
9000
7889
471
5768
3489
6417
9745
9655
8215
8175
6986
69
4232
858
3104
8143
541
4715
5593
2515
2137
7593
143
6579
6895
8208
3093
5692
7649
5248
6686
6649
3136
7158
3495
6626
4653
3240
7359
3946
2493
4344
4016
7804
6281
7120
5946
7902
2913
2617
416
5050
1288
559
2707
8184
9846
5800
4954
7495
2126
1640
5222
5262
9877
8717
2966
5608
3035
325
9554
6607
5748
4648
4410
2029
1767
1434
9931
5759
5131
1425
1887
6419
1984
4594
5681
1830
1472
635
403
3598
3354
5625
9940
4309
5420
2905
995
9535
4309
548
6141
1136
5197
1630
3165
8043
4143
4174
4881
9274
5599
6768
6772
8662
1362
3531
1570
3913
5245
1973
7512
8599
8677
7451
3986
4097
1434
4981
3631
6823
6609
850
7959
2884
2480
2202
2005
6624
6376
6886
6976
3053
4733
4826
2793
6095
8358
4364
7
3602
7416
8598
3280
6093
7127
8345
1268
8562
3326
5978
5384
1013
6828
3342
4976
387
6623
6981
8090
4077
4946
6144
7130
9679
970
1001
6852
9328
6444
7938
2929
3860
6536
7288
1031
4741
5633
3378
3302
37
9356
9765
2129
7262
4185
7105
7649
807
5164
6817
4884
1188
2961
3092
1945
3931
4094
8797
4337
537
7814
8345
5476
5428
5633
7586
168
2344
963
3471
2381
1397
4314
4510
8660
8500
2693
7387
9307
7857
5283
5270
9046
8244
8362
990
3253
3534
866
7590
