5151
8680
5934
626
4107
2645
9292
4275
4989
254
8825
8449
2731
3139
2958
2469
2717
5651
934
3102
4587
6217
8372
4711
4460
7813
6780
8792
1346
7646
6381
7576
6325
3394
9282
1510
7118
8573
6865
3186
9906
5689
1634
2636
9907
4593
5105
2623
1322
6040
5726
6988
2256
4097
1698
7796
2988
8479
6587
4335
6124
4047
1910
3528
8520
1191
6117
5637
842
2981
8823
748
8671
457
3384
8577
6129
9569
1200
8530
6687
8005
5518
21
2101
8295
7817
5090
6773
5483
503
3976
9530
3492
8583
8049
5763
4699
4764
6605
7681
3587
8432
7430
5123
2895
7085
2330
2463
9364
859
228
7368
7456
249
9470
5751
8067
5638
2523
4628
7220
7578
4157
711
6160
3284
7553
859
9127
5237
9619
2713
3668
7048
8915
6563
4132
1244
104
3496
2104
332
863
638
582
1411
6389
9728
8128
8913
4355
5347
7569
9591
7138
3729
3953
4690
4588
3079
9927
4206
6872
4674
2332
5786
1236
6464
8110
2420
1038
1292
2752
1902
1930
4413
4392
8320
4140
2520
8311
8495
8946
5879
9164
6083
9608
3116
1852
5274
6196
2857
558
4146
7531
2890
9932
8768
433
9120
2266
1471
411
5018
4452
2342
9432
8845
661
3571
2443
50
3145
1388
7008
3387
8551
6616
6504
402
2968
3778
4338
3527
7924
1869
6417
8934
1715
6850
8054
3981
9401
9544
8999
3852
1885
9509
3775
3625
4159
7297
3675
8383
9765
683
1769
8315
8378
9352
9796
1345
3129
4133
5951
2131
7081
3447
2144
8796
1375
1276
2776
775
819
2854
5707
3784
2362
9482
7409
7600
6779
2163
5982
7622
3925
8831
7015
3381
8182
7889
5805
2390
2021
1756
5600
181
5203
8823
8977
6578
98
2832
7354
1997
5686
3060
5781
9127
3620
3189
7806
1477
6431
3787
9099
355
2617
6113
4815
1878
4001
620
4268
7102
2376
9868
8362
8658
8691
7338
6314
9868
169
4746
1864
6934
8885
8724
7140
2505
2992
4945
5061
9423
9811
5239
857
3507
2430
6751
5385
7511
7371
731
5691
825
598
4052
561
367
1389
6876
1314
2638
1621
4257
650
506
2981
7790
4090
5973
3813
229
6474
3624
5468
8410
7131
7899
5161
3594
5409
2531
4325
1099
4436
6002
5151
4997
7449
7619
1872
8763
1335
4573
3019
1986
6158
7079
854
247
4130
4668
476
1683
9371
7024
92
6501
4922
6332
1173
1409
9943
5498
2508
4378
1499
8738
453
8948
7435
3405
8789
8771
7978
2887
1835
4135
9966
3768
5461
5175
9515
7016
6858
8885
4039
8029
6464
39
4361
7637
1448
5382
3134
5035
9760
4634
3772
1291
4660
2286
4696
3449
2135
3752
6336
3970
8966
6301
8817
5505
2554
8332
2521
9412
7216
7639
8520
3680
7679
2880
2395
9127
8262
5530
4162
9100
1242
9013
390
5902
1298
6166
9351
3433
9918
6765
8482
9963
3066
7299
5467
6699
5630
7988
6111
3924
6706
5709
8683
4384
9668
1078
4589
9008
6608
9830
8107
7850
8843
9576
4830
1219
6820
5260
4653
7817
2024
4213
7779
6169
2590
3245
2868
8220
1233
57
3223
9018
5766
1905
3401
5433
2983
7990
4440
669
8899
3625
9598
7741
4279
4428
8960
1099
766
4691
9995
2790
9984
7773
8960
2573
1017
2906
1872
3329
2963
5095
2346
9808
7000
6826
5240
1062
5895
758
1731
4793
5462
1329
2533
9741
6836
2571
1918
7602
8342
1912
391
8325
763
429
897
1781
3335
2769
5110
7377
8943
8536
7184
7022
5361
2423
8084
1255
4260
893
7127
9722
2222
9660
541
136
3310
3538
8817
2730
5451
287
1054
6214
716
3030
9074
5131
6879
5263
2507
5821
3798
9692
2842
237
3193
2004
2572
7454
2898
9699
8254
6199
437
8795
6336
4826
3412
5152
7556
9942
5439
8610
7234
7235
2718
6308
2365
9597
1570
4872
5418
6447
5642
9339
7763
8836
1343
334
7368
4241
1112
5621
439
1549
5495
7854
7454
8907
3006
5009
8848
9524
3618
6081
6758
6336
3467
201
7012
6116
6153
3508
3641
1794
2846
1404
629
5268
2817
7997
587
3929
4697
1027
6557
1270
9960
4010
1255
4044
97
102
3568
3715
7262
1404
1130
1808
1606
9221
7924
7759
2728
1565
631
5574
4048
1261
842
6865
336
1429
1873
6112
3535
8430
7382
4574
3519
9716
8618
3616
9818
2185
8411
8159
4669
619
9967
7354
9840
8969
6191
2567
1612
6822
9220
5660
9162
1140
2525
577
3649
5477
6689
8263
4985
5150
2836
8504
4865
1454
3199
5762
4718
2688
4999
9387
3307
6044
6740
4225
5012
2930
7871
6625
831
8169
3363
9993
9310
5888
569
2958
1364
8338
2299
6350
3487
5136
5932
9431
6590
209
5192
1307
2897
1269
1773
7283
7313
9592
2586
3404
3601
456
1107
4432
8626
4470
4424
9014
1437
6073
3050
3880
4410
5349
1308
7897
484
7241
8406
8153
8529
4677
539
2505
5946
2312
9788
3259
1903
3453
7742
5504
3909
8849
1014
3613
3318
5439
2626
5834
2590
6755
9715
7000
2104
1022
5975
2588
9342
4380
1820
7871
9057
2359
375
5003
4671
1241
9341
7653
4694
7082
4236
9683
7009
5250
4374
326
1767
8080
7240
4357
4834
6954
1356
6938
7976
7331
605
8397
1711
2425
6267
767
4784
7721
6849
9455
40
6189
8186
4735
4349
2421
5496
1357
7672
9870
2763
9439
7949
2
3796
2783
6956
5152
799
6010
3562
1404
4406
5273
3829
1751
7119
8613
550
5047
9146
591
1235
7332
6405
6664
831
2979
8021
8503
2848
783
7942
1876
1864
2816
5738
8820
9047
6537
5909
2608
7942
1393
8960
1770
4224
6079
1462
4774
1125
1686
6444
3439
96
3927
102
928
6906
9203
9431
833
1064
8451
2709
2929
2345
8447
2827
1392
4983
8736
4000
4003
129
4039
6853
4353
117
8315
205
2321
1079
6650
6839
1176
1655
8021
2104
8562
7223
2613
9395
8287
1064
3182
1215
4488
2707
4043
5880
8769
3857
959
2772
5065
4998
9625
496
6194
9018
702
9594
96
8431
6432
1272
85
4452
4455
9726
2753
7069
198
1040
9212
3380
3334
3699
7166
7377
658
5935
2313
1617
8707
7378
7694
8331
7875
4966
8427
9656
4559
8523
9165
2069
874
328
7601
5329
54
353
3476
252
2472
2687
4712
5807
6387
1877
4262
8124
7812
6575
9741
7597
3953
8513
7006
2906
3478
5432
3640
8037
5034
2804
1184
5908
3132
8785
2315
4265
9139
5792
5597
1610
9558
1387
8496
7023
3264
2758
5146
2155
9333
5965
830
4364
4477
7837
8349
9034
4347
1988
7070
9381
5871
9334
6367
9004
8118
8683
3268
7256
5553
9944
9946
5110
1330
8441
2133
4595
1198
7279
7829
1610
4323
9738
7053
8800
7574
5402
7834
3000
8469
5982
2380
4340
5315
9827
4422
4512
9588
8769
1767
5140
8713
2791
1328
42
2311
3461
5716
3509
1819
4623
6198
6142
4361
3251
6020
1934
9732
4932
6013
8200
1993
8394
3618
7308
9299
8040
1819
8886
6809
4666
5104
5521
8536
6432
5563
846
972
2358
5435
3870
6981
1632
11
1341
5962
7110
4355
6772
2042
367
6051
5114
9840
9669
2421
9138
8788
5320
8023
5596
1064
3126
2195
678
637
8837
1525
1609
1194
6960
5479
8176
9671
6569
595
5633
4757
4950
2404
7878
5318
8455
2991
6236
9203
6492
5374
7990
1811
4475
4664
3954
7602
7938
4632
8239
6774
7236
926
9048
4195
6405
8302
4945
4052
8897
577
8809
4926
4060
6687
1322
3594
9678
7558
3875
6169
4010
1864
9059
8486
7607
4091
7166
5544
9803
6483
3396
7038
7409
2443
2312
4892
744
7257
22
720
8913
8831
5646
4051
6596
8047
7645
7353
5604
2598
4600
9615
5541
3659
8100
3147
8829
6344
8691
8631
2826
2087
6748
234
5609
9060
5126
7433
6316
6227
8153
5228
5057
4877
357
2732
4002
8003
84
9606
1679
4684
298
7221
9422
9477
367
9330
5820
137
9039
8646
3303
5786
9959
8912
4845
6163
7423
2239
2389
6654
8546
7447
2609
8904
1257
6611
7985
1341
6217
9664
7104
7594
7963
7605
7071
9410
8013
2890
625
7051
2615
3928
3916
2573
3918
9840
8737
1341
2079
1125
9074
1703
9651
1683
606
907
8294
9670
3327
5589
412
1510
3183
8375
193
1332
8863
8206
5301
9488
6335
7916
3415
250
1568
8413
90
304
832
3248
2508
9906
4951
3238
2667
6637
4145
961
7385
8552
7629
7797
1140
811
7251
1333
3222
6113
617
8524
5601
6952
7518
94
8282
9086
8507
8372
468
417
2698
4056
323
8728
7294
2990
5364
2517
5030
2749
1068
2659
1624
2208
4549
8875
4620
7772
6067
5237
7374
1667
3268
4891
1761
1549
5056
1347
999
5524
1764
3697
658
3166
2424
7952
7236
8868
469
2265
2695
2616
6003
4319
4825
552
4273
9445
8324
339
5761
6776
2006
9029
1666
4846
577
6722
7272
2655
3325
115
7431
3983
4360
9855
1935
1595
9801
3483
4940
2495
6099
942
6815
923
1494
2166
1447
896
2505
7208
7672
5590
7315
417
1514
8971
7139
8787
1625
463
9981
9056
5526
4340
9989
7461
7015
9790
2022
1954
2284
8121
2896
177
123
4391
2343
2649
6366
5927
935
5117
1516
8250
5534
3031
7220
2672
2896
9924
4215
2876
57
9741
8295
45
8280
5309
913
301
7263
3198
8422
159
4454
9624
5629
7877
2272
3073
3803
3207
8190
5320
1456
3723
9430
9755
7475
2325
9678
2768
6280
813
2508
5653
859
1866
2041
1772
2167
9304
6049
1667
541
1582
1291
7249
9459
4642
1401
3261
7850
9591
9660
384
4393
167
1218
2946
3571
1974
5714
929
2788
9301
6583
3647
2245
8624
6498
4412
9006
2547
7158
626
4129
9528
8954
4666
5249
354
9006
3098
1024
8666
4561
6496
9912
5779
9442
3483
7754
6234
4412
541
6613
2073
4188
8858
1775
685
4348
1860
4311
2584
2486
9519
2112
2518
4184
7361
2873
3190
1537
4976
2934
6098
1471
2845
1877
1991
6328
709
8225
1819
1250
4837
4971
6517
3694
6747
8281
9121
8607
2592
1704
2171
2110
3816
4689
7374
2255
8641
563
4871
3616
3497
969
5087
7421
3925
7078
4828
4634
6381
7726
6963
2296
2696
3479
7069
521
1759
6189
206
5430
7894
2377
8620
2788
8146
5993
6123
7865
7635
993
1481
1131
1962
7647
9631
6966
5804
4458
2678
2184
2183
9641
4481
4880
3119
1549
5401
5958
7739
6687
1387
6711
9064
6
9499
8288
7078
5621
6153
4712
6615
7634
6922
9656
6359
6553
7701
2162
1010
378
5426
4273
19
985
231
3138
2534
6711
9096
1351
3397
1562
9141
3540
1568
8640
1827
9726
5339
9059
4437
3032
6692
1359
2688
4130
7912
1467
7371
0
1845
2796
5352
1864
3781
6662
6082
7395
3373
6256
9825
7849
7818
8966
1388
465
8684
3216
190
4022
2274
5706
8134
45
7065
1900
5254
6055
3367
2624
7135
5212
5421
3565
8156
280
227
5316
7675
3600
1571
8579
1448
468
7544
3916
933
7306
8211
2202
2406
1563
7908
539
2687
6052
2439
7941
2106
5806
565
319
2097
7065
3885
1331
7345
4112
6647
6099
8791
9297
4677
1317
843
3299
5233
2855
604
3443
5057
4089
6086
4044
4629
8773
95
7068
6714
3280
3953
8358
4679
7129
6501
8564
8460
4924
3754
6185
1022
3623
6560
6778
4940
7404
1155
1252
258
2838
5774
6395
6928
1859
438
1556
632
1612
9703
7346
4892
4734
6782
9571
1862
3282
9213
1400
8206
2966
8664
307
6589
5224
8164
2608
3706
9320
3860
3964
2157
9634
358
9085
1493
1875
1719
3204
3487
2501
549
8380
7235
8410
9029
176
1691
8242
2655
975
2286
2398
1282
9955
8701
9447
3641
2406
9845
7501
6370
2001
8213
7808
2165
784
9683
4963
3988
3170
7464
5616
2628
5778
4025
1656
7033
6795
976
766
8850
4342
3164
131
4296
1864
656
9016
5349
1579
6516
1719
3581
5807
605
6825
6592
287
2866
1658
3457
330
7275
6085
7187
2378
8821
5298
9174
875
7143
8023
5217
1386
9233
591
4329
968
9607
9679
2547
7201
2476
7207
3008
3081
5110
678
3368
7977
2336
7905
9386
689
5068
7651
3068
4967
2948
2241
5843
1169
1342
1059
2555
574
1651
6885
2621
1257
7642
5169
9538
117
3454
2545
4277
8565
4302
7645
6541
7717
6628
5926
8407
2775
3576
1474
7742
7603
4794
3584
8772
7215
5723
2406
8868
7374
369
1489
9710
8011
7737
9247
9207
1190
2870
3483
9755
8251
2206
7374
5968
8835
4378
5453
2688
7954
8006
429
6635
3878
5093
6486
1092
815
8892
9960
9268
9261
1448
55
8350
9185
381
7556
1454
3251
1038
2287
2581
3244
9662
9628
3157
4039
5080
5845
3072
3085
7354
785
8042
2446
7271
9134
4340
6162
9093
3607
6501
1620
4741
5929
1883
5122
3484
3337
9453
5601
5625
2033
9925
5286
1660
4160
403
7819
5
4554
1982
8438
5340
23
1962
2610
9157
6302
9852
9328
987
7431
2026
5728
3360
3910
850
6844
7247
302
2445
3950
3414
3448
314
6153
7608
718
3971
8692
5272
5953
7129
611
5976
9091
3222
6211
6471
4152
6617
7458
1582
8644
3186
4942
2553
5115
1786
878
6496
5310
4829
988
9837
5143
7141
7444
6940
1111
6136
2212
8143
4343
3902
5197
4513
8203
2486
983
2354
9103
8442
3937
8825
2706
9958
1377
8900
1743
3335
5395
8132
8164
6383
9047
4385
3523
6491
1325
5713
3705
4616
3855
9127
8518
9052
3639
6721
1537
4623
153
1718
4143
4090
543
7928
4048
2999
6827
6870
6334
2221
6081
5576
9683
5127
1040
4284
2696
2365
9997
7480
8060
4930
6607
6577
5060
245
4376
7676
5947
4530
9394
1168
9699
1015
9096
4825
4015
5922
2774
1427
9222
8855
8083
8904
5060
9123
3187
8836
2566
4262
6315
625
270
2921
8281
5330
4246
3736
4084
192
8266
4557
1361
9043
5572
456
3868
665
7458
6642
3172
6679
6575
1254
5583
1634
1455
9849
469
4021
5190
7864
5725
5460
784
4005
1869
6109
8820
5953
6302
7085
509
8742
7207
7161
276
1074
8905
7734
8795
2076
4413
5369
4409
1074
8082
5864
2001
9631
963
7191
7494
6688
2651
9357
1772
4520
5466
591
1551
2846
8756
3140
1587
5962
300
2942
8115
9205
1755
6909
2360
7247
2277
6769
8321
1437
2633
321
1067
3596
8592
8561
1363
1242
8997
4214
6841
4462
4805
9471
7308
4639
2610
9974
600
2910
3994
9794
3194
5749
6702
5554
2995
57
2322
2394
1495
6034
3795
2562
709
2386
2202
2072
4707
1198
7365
2626
5660
3248
2096
4046
7888
4707
5098
9567
8696
9092
9361
2968
5920
6062
8522
9994
7199
1923
2388
8694
7957
7262
1255
8666
9648
3457
1816
5433
5734
259
8059
2472
3508
1233
6518
1395
5940
2694
2040
5715
1786
1400
8683
8785
8542
7205
8778
5740
206
2244
4433
8163
9506
6767
7908
231
1303
802
5664
7037
1062
3722
9510
5649
4956
7106
8123
1974
9801
162
8768
2665
2642
7451
1449
1183
5734
1305
8002
5940
3550
3513
5181
3055
1358
4167
4366
2661
4970
29
777
7111
4831
1365
2759
865
8471
1960
3918
9350
2122
2686
2014
4764
1215
4542
7026
6949
6927
5027
3967
476
9619
226
4610
977
4394
8976
4717
442
84
5494
8632
5994
6859
2469
6859
6409
4429
1855
5758
6551
4541
8852
2394
6835
4472
9420
4862
1398
5526
8829
2953
5144
134
7564
7200
4528
7618
1917
6049
8781
8490
4680
4774
5349
8228
2711
2836
2656
4567
9673
285
9108
8524
2679
5943
4075
3178
804
5473
8704
712
8427
4926
846
7069
2126
6453
5765
5122
3580
4546
3611
9339
9320
38
7566
3110
2874
1300
7677
3626
1585
7863
2149
5344
3805
7303
8522
5689
2776
7225
7480
2281
2150
9405
428
5355
6936
7272
476
515
1817
5167
9854
2216
5205
7419
5326
9159
8719
3002
2784
1382
864
6012
6726
5749
3315
5247
2516
7170
3550
1074
529
6780
478
957
2134
7414
8229
3690
9008
1125
8857
8861
4420
5140
7358
9746
5377
7155
3826
9240
8537
5769
6331
5263
2596
9646
1588
6191
7894
5139
8344
8423
1918
8822
458
5131
7314
9766
9900
7400
1969
8756
6260
6389
4975
4696
7213
1430
1850
2117
670
1466
8966
7001
7808
2640
7725
9396
8832
5618
5613
8254
5119
7531
7076
6656
3741
5468
7500
3640
2868
9470
3475
206
6937
9529
5982
5229
958
7832
7346
1628
9298
7390
9708
7105
30
7432
7580
9941
4128
3192
8194
325
1802
6348
8060
5543
2895
5560
261
5763
6108
3736
7048
4123
3264
3029
9352
5302
1940
7777
6930
2316
5166
7717
9422
6275
6227
8080
6215
355
1271
5488
1759
4152
1835
9820
9695
4730
6458
1035
1571
3644
5850
9699
7767
9115
3806
8198
5495
5746
7053
2424
8063
2218
1219
8563
8494
7447
6642
5787
8881
8992
2353
639
3144
4189
1537
3917
9998
9074
4952
2648
2717
1881
3425
1563
995
7231
839
7569
4056
7892
9993
2118
1188
2291
1759
760
9738
9480
6548
8618
9550
8901
335
2693
4168
1873
7690
5245
946
3720
8972
4743
5601
2396
7385
7675
9627
9303
5243
3682
7194
6315
6879
8382
8606
9717
9143
8343
9196
6769
6960
8746
6748
7295
2517
1995
246
206
8319
2272
3927
7290
8094
9528
9686
5478
7203
390
5859
3524
5152
3052
9839
3109
2512
8444
2826
2733
6786
3100
580
4824
1845
8408
3198
4363
402
3444
5648
8721
6795
9575
7089
4888
181
7853
1444
8463
9322
7303
1986
4473
354
1825
8662
3946
268
1487
6679
8134
4587
8339
4036
7512
6746
7234
2953
8227
1757
8601
6947
9631
9255
5114
4519
9436
2966
5963
8977
2287
3266
962
7840
4699
3866
7580
9724
5214
9067
7482
4426
4732
5820
8462
3322
2565
6775
6275
791
9611
5955
8817
9241
5209
3930
3759
5723
7975
801
4699
1340
5146
6740
9180
923
606
6759
647
5820
6904
8129
245
2715
3948
9786
7116
7592
6560
3391
9462
6170
424
8278
6490
5633
3286
1327
2434
2339
3207
7133
3679
8353
3872
2859
9277
5557
696
9924
1376
8680
8052
2700
2473
3078
2486
9589
669
124
4058
130
7374
4482
9487
3863
1193
3851
6269
3627
6190
9477
1838
9869
7829
6790
3806
8184
2346
5582
8107
4802
4261
7237
8581
6734
1393
1066
7401
2062
1191
1459
3271
9644
5941
3836
3506
7135
7687
9775
761
4955
329
2600
4824
8159
9390
9709
7421
2814
5290
5528
7616
629
3843
6197
8442
5237
8342
5843
8378
611
7302
2728
254
4321
7643
4839
1455
5330
5693
3296
1363
6022
6975
6187
5259
7443
5896
2680
256
2264
9287
8952
2894
3129
6227
1335
9445
5647
8257
8902
6259
6637
2708
7592
958
350
2431
2413
6759
8124
6788
8123
5224
3762
5388
483
2283
1283
4242
2540
4627
3528
2570
7521
7736
9876
9935
8260
5522
9271
7161
1780
5907
947
9373
6865
1297
2882
357
8057
2084
7145
7258
7308
1986
2645
8870
4269
5008
4190
7888
9635
7718
1536
8234
6533
1411
9247
4792
6934
8517
3031
9793
4424
3978
9165
1288
5275
3125
2724
4410
5209
948
2746
3596
2934
5392
3544
8282
399
8814
7249
1112
6531
8785
9346
4142
196
8592
8934
7130
8188
3043
8001
2611
7021
7166
4978
3375
1369
7703
8864
7658
8651
1610
2332
2663
7002
5876
944
8480
4689
8193
670
2299
8057
15
7520
8253
9686
7533
6461
7873
575
4461
1562
8676
2705
6541
3129
5154
5322
1992
2811
5051
4681
5143
7714
2761
2097
9737
1240
7866
9009
1910
1243
7065
3004
8763
6396
3769
6295
3935
1641
6871
9475
4283
6625
3259
1902
9754
8413
7224
1745
2302
3353
6427
7445
2145
266
620
1881
1507
8486
1968
4496
9729
9033
8580
9571
6507
2348
5865
1520
5068
3814
995
9351
438
4254
2331
191
3745
9555
3016
6047
3986
521
3491
6131
787
5190
8013
3373
3676
1059
7870
4483
92
7528
4053
7678
9876
9919
9199
6022
4811
193
6452
5250
5526
8783
5441
9271
9417
9536
5317
3402
56
9887
9534
844
5076
8625
4217
9831
9684
3165
5393
854
692
9446
8533
1646
442
8810
7669
5254
81
5199
503
5607
3981
7023
5956
3397
6559
2351
6800
7694
3316
6333
8538
9471
4957
2755
9302
4640
6999
4694
5495
7692
5218
5106
416
5661
3915
9164
1993
3996
4362
3575
681
8344
1676
7716
1740
8235
66
8540
7008
3382
5951
5545
2852
907
9379
3232
6627
6378
7926
3200
5148
4223
8306
5564
9884
3299
5807
1876
8374
168
6530
9055
8512
8206
6770
1331
7520
7915
9871
4527
1296
6901
71
5227
8887
529
8460
5513
6907
7464
9792
3133
1686
9176
9776
1569
2474
5582
4524
847
5751
1053
980
5341
9260
7750
6672
6779
5664
7622
2384
8039
4522
2455
3266
4487
2984
2804
1079
969
267
870
5181
1954
46
4957
4602
2520
1617
205
4447
7368
2337
5427
3788
2675
4256
459
532
998
9160
2916
9038
4760
6451
3382
9248
513
7265
326
1483
7532
2275
7743
564
2321
2699
6246
5921
5396
7530
367
3842
9867
6873
7630
3621
1128
9169
4153
2127
8328
8149
2243
3088
4599
5625
3414
5112
2889
4819
7674
1499
7094
5417
3143
494
9195
9389
6415
4590
6918
7861
8433
7863
5812
7141
1483
6941
6309
6716
9068
5716
4864
2389
9883
9463
8014
3296
5653
1981
8115
3327
4559
6287
9823
7702
6781
95
8169
4274
4686
6165
2134
4197
5107
7947
2416
7669
5966
8726
4384
6112
5520
326
8501
5402
867
7593
9777
6521
652
8970
926
5211
5256
1827
3992
2037
1922
3239
6311
7687
483
9525
2962
5590
8550
5379
3258
4515
5183
8722
1705
702
9048
205
6104
994
7798
5880
8594
9529
4849
598
5818
1183
2425
9810
4299
5426
4128
1689
3113
4611
1213
6075
200
841
1453
4537
6435
6636
3258
8140
8417
3385
9424
4520
5458
8300
1478
4051
7828
7406
4649
3645
8590
8153
4534
2888
3578
8662
4577
6691
3272
6869
3845
4551
7710
6377
9088
5223
4092
3425
3362
2508
6810
2785
7029
3346
1084
9586
7397
9991
6992
3124
3636
6660
1276
8170
9548
5933
6831
5204
3703
1181
3151
7548
5732
1940
3924
4819
7163
8016
8244
1604
1603
6132
4389
9711
9478
6553
9296
7953
6543
6287
2155
178
2946
4510
9427
3573
443
7336
9856
4146
8517
3006
1693
4248
4946
6696
146
3188
5791
8390
4792
7394
5601
9181
7104
6157
6812
7478
5189
3355
3765
7344
4612
7790
1854
5118
2441
3376
2453
2296
7522
970
6382
293
6297
1327
8068
6443
5594
4937
5912
385
2330
2591
645
512
9827
7457
7991
5015
1890
2834
2359
7582
623
5292
2699
4144
8668
6231
6440
7268
8280
2821
8640
5656
5228
6707
3177
821
1644
167
2286
5053
2758
2931
5566
2585
1466
4635
7600
3357
7469
1037
2017
9171
6329
5795
3314
6075
2025
833
3342
1384
4733
3060
7040
1039
9768
216
2940
2490
384
5226
7543
4221
8157
4187
6806
9623
9901
5485
4058
8448
7601
6075
8698
5009
1869
3090
1083
4974
3923
5505
6358
9736
8565
4476
774
9411
4692
3714
1900
5076
18
522
376
9254
4709
7182
8877
5689
3745
4013
4136
2425
1167
2833
7434
4115
5924
9596
9089
925
5100
6525
660
4744
1000
1435
5233
6772
6228
7134
2926
7326
8735
3302
6579
4522
1563
6534
210
6387
547
4347
8812
1714
8259
6245
6908
4182
5841
7076
5108
2019
3600
6847
7842
5680
9361
3075
2451
5589
1287
6456
3993
21
9759
571
4543
1321
7106
5833
7708
7653
179
6520
445
8438
3843
7353
3699
762
5507
9886
2782
9108
6732
1702
5866
6093
4777
9396
2760
7143
5851
6753
7164
5609
8403
2786
8009
5508
8619
5717
4239
9877
3315
4684
9393
8237
3116
3091
9000
8623
4055
2860
8809
1866
4562
5753
7959
418
5148
1797
7561
999
9629
5804
6608
8031
9669
5696
4618
9366
2491
8857
9242
5806
4620
8634
5121
8815
2804
4120
8516
7938
6980
7325
9804
2621
3077
8841
4118
9305
1716
2757
303
1344
9640
7990
454
9308
3685
5072
8673
6176
3928
8993
3060
9627
8706
8182
8441
2588
3380
6957
525
1439
4281
1408
4060
8437
248
9257
7741
1965
2013
9123
4388
1653
7113
5921
2039
797
2071
1791
8053
7079
1862
1112
6705
567
9294
5146
4234
3753
2102
4760
5192
7462
6168
330
5898
7495
9587
4718
538
2678
3840
6006
4331
2031
1926
7450
2829
3998
319
881
1076
2181
3072
7781
3828
3445
2926
8062
7198
6107
2821
2389
3568
67
3798
545
8642
4463
6342
9180
7141
1260
5185
2551
3292
8191
0
7200
3267
319
8081
4343
3579
2231
3202
7407
5676
7208
5469
2873
3314
9369
6341
7962
515
1217
8507
9157
5680
4848
9415
2821
7187
5679
5372
478
3869
6451
7678
7136
7849
6837
2557
1427
9069
6838
9914
5823
4045
5382
9776
8439
5829
7195
6400
6344
8413
5985
6579
4092
1911
5994
7992
9098
2751
4442
9577
7699
892
8333
5913
9820
5170
8470
2326
5317
6386
2239
1139
431
8700
914
9949
4528
9189
7427
872
7601
3411
7451
2771
6401
4523
763
5498
7274
5205
6153
4972
7177
4486
884
6996
734
432
400
7130
6819
2639
8269
8329
1338
262
9356
5867
9451
6782
7818
8130
1271
5268
900
7672
9792
2742
4248
8144
9027
1480
4195
6203
7045
6158
4277
7779
7670
4678
5987
5567
8396
4255
4974
813
5596
4329
6680
6125
2189
4497
5333
3460
843
6234
2210
1713
8976
7537
9858
8002
9017
5131
5283
6061
2367
639
4918
36
6396
904
5603
4791
6239
576
5604
1834
5984
3362
9039
8173
8938
4371
2711
9782
1683
4921
1494
659
2458
2430
9740
2553
8640
6102
8615
1007
6741
3532
1043
3136
4437
7726
9006
675
9381
4610
3588
5365
9051
2626
4616
7989
8077
7328
7770
9760
3327
342
1497
6864
2773
2316
9418
2491
8418
8032
3498
6237
2642
5621
9373
7079
3346
8378
8833
2726
4066
2421
9170
3117
6126
3786
1105
4202
2192
9954
3962
5519
295
5459
3462
4147
7775
2879
6639
7271
1989
136
3507
5710
5757
3958
3868
9103
2336
2700
2908
7481
5121
2077
597
1247
6942
2781
6528
9134
2734
489
5732
4109
7028
9194
8256
5881
3151
4894
3152
6219
6110
7738
1928
1866
1696
5796
2048
5111
8497
6035
2591
4696
8112
4268
7022
6133
8128
3550
5266
862
5118
997
4971
3224
190
3226
9106
4420
9200
3336
638
5309
1073
2567
8254
2769
8363
1380
7880
7938
7415
1550
3713
6606
5818
734
2738
5024
4284
9083
5886
481
80
1935
3705
1349
6241
3889
5770
5440
7225
6408
1827
9378
8975
1159
3225
8417
2540
2184
7433
9955
3734
1145
7639
630
1880
1455
5654
7243
538
2619
8803
618
4554
2508
1967
1873
6397
7737
8392
4701
5224
218
4078
5277
1378
7303
3693
4997
9487
2205
6030
4299
3350
3669
4929
6309
5124
1662
4631
5662
4281
3433
7359
9914
7020
9327
1787
3417
8142
178
9197
4444
1476
3274
9722
3933
576
4493
8930
1142
6698
4959
5441
1127
9707
1449
8515
5910
3111
3145
1571
7392
6579
8931
8384
4677
9336
170
8094
8556
1428
7290
3000
3983
1642
2721
8995
3298
7214
9003
4440
4991
5040
959
6118
4747
2408
4632
656
6598
8857
3306
5068
6514
3315
3452
1190
3729
4701
363
2285
6129
7653
6364
1190
374
9085
184
3672
7377
9187
9191
2367
4227
1228
9564
52
3637
5275
1787
1313
4131
5093
6382
644
8409
912
1834
2137
5613
2197
5501
2821
929
1864
4011
2382
948
4196
6054
9405
4461
6323
2850
9767
7551
2414
9819
2266
7689
1605
3580
2898
7778
1040
3542
7265
1952
6455
9402
7565
9732
5982
385
660
7846
5476
3042
9874
750
174
9278
5211
6497
2127
6057
5126
5620
6954
7393
4387
8560
972
7285
7416
3091
826
4680
5043
8361
5160
2607
8092
1141
4072
8752
8988
9548
2872
9940
297
4125
295
6587
621
2422
2643
5747
9122
9598
4218
3508
9236
6269
793
7730
9360
2698
2409
4402
1058
7569
8089
9150
9790
2160
8980
9856
2786
2930
9795
4162
7055
89
748
8755
3590
4471
5581
3790
5147
9799
7299
5461
6068
9171
3190
5427
2947
5599
908
4006
4246
8997
4234
5114
2235
4293
4969
5021
7223
5842
261
4278
7010
2088
4111
600
6559
9692
4390
2784
9491
2767
8245
6637
1937
1434
2063
5964
8112
2971
1048
3437
3046
5282
9630
5281
9575
4599
1380
7877
1519
1641
3233
8530
3730
7344
208
1367
7036
4598
4152
6526
8445
3475
3162
1460
5989
6304
7424
5179
354
8472
8616
3400
4833
9325
8682
5486
5002
1140
3362
6521
2782
6595
6129
7591
3939
6337
8958
2053
935
3109
8579
458
7664
2819
1918
3652
201
9343
8831
555
8893
8526
5035
3725
7850
4795
9212
2851
5935
3652
450
8717
1326
6580
6307
6344
2916
6344
8397
4930
531
8054
5388
8195
1951
8386
1846
2152
7728
677
3787
7699
281
9901
1424
8131
4695
1714
2060
629
6445
2510
425
7771
9090
7811
4114
3085
4154
2510
8015
4686
563
4482
2880
3593
2867
5806
5746
1673
7562
611
9372
7843
511
1874
5973
5206
4667
8033
6914
1112
1621
8418
9962
1790
6229
5155
4875
382
8744
3968
6147
386
8450
106
3979
1316
5912
9725
2989
3473
1414
2361
1315
1925
5314
8367
8210
9982
7478
6203
1093
9099
4620
2133
888
848
7288
6842
2310
6032
810
8457
6418
338
8563
396
1655
5553
1200
5723
9026
2614
9163
1419
5619
4477
9786
4907
4458
7263
1109
6630
6362
5730
8763
8329
6578
7130
6250
9967
3161
8139
9503
657
8477
8065
1053
131
4697
3332
6934
3722
5947
6096
5142
2644
572
6006
7551
5030
3269
8661
2738
709
4390
1501
116
2046
8631
6366
3092
2870
4504
2594
3527
4060
1737
5659
5270
6434
8992
2203
1235
6017
8300
7456
8661
8872
3461
6211
4981
7809
5950
7719
8518
1418
298
8635
3465
7
6079
7636
2877
1662
229
7483
5722
1966
4221
2070
9480
3212
4274
714
307
2573
8170
8968
1444
2709
6257
7504
518
2207
5223
9036
3625
6600
8749
8169
6608
5907
6883
563
8648
7112
9126
5448
9079
3346
7518
8558
7637
1791
350
7944
4364
9599
6911
6888
2307
4246
4391
2825
7532
692
2940
2236
7293
2767
404
4979
9753
8367
6621
8400
5478
5746
4926
5635
9092
2444
5271
6728
5314
5621
4671
757
5219
2660
8724
7527
7986
4193
1430
5517
5965
5449
7753
4336
8217
9237
9315
9048
7603
5935
8527
3080
2760
3452
8716
1851
6975
5065
9659
3368
686
5408
4125
6984
9148
2848
5589
7133
8120
7020
2649
4084
2468
402
8420
1763
9639
7734
1890
7241
4748
416
1399
7508
3868
1193
437
1922
6259
1174
5290
6945
7662
9415
5007
6809
3341
596
5020
1460
7616
7669
6624
1162
9150
5043
4005
9867
3856
5895
8186
9683
6311
9586
8269
1257
778
9785
3179
8116
2038
8469
6139
9700
8962
1146
7587
3381
1742
2606
5921
436
1353
2544
2677
1582
8666
6682
1448
2521
3655
713
3282
1044
1377
1550
2302
3234
1335
6560
1350
3373
6108
7489
4151
6148
8635
1737
9530
1455
5422
5450
2970
7854
9073
5648
9436
7738
3408
1963
1338
8143
2676
5699
9187
5132
7250
2567
8366
9664
9128
9716
4115
6314
7205
9345
2461
6918
1081
3069
9453
7582
8519
2422
5435
8670
9149
5950
7487
3636
8992
9904
1778
2746
5602
2043
7878
3930
5690
6243
3593
5896
5959
8787
2209
4242
8131
4670
2238
290
7740
1690
7872
7337
5192
4386
7086
5419
1414
4572
133
405
5554
2990
3151
1155
5034
1028
5086
723
8350
9758
7698
4308
8545
9907
9629
7754
5655
1867
8045
4473
4636
6995
2889
906
2459
9975
6326
3873
5625
7538
5357
2257
528
8508
3412
6641
614
9577
7364
8965
9335
6140
4351
8958
6046
3980
7790
2779
5847
5834
7253
1561
3908
141
2468
7446
1194
9873
2398
7898
7410
7755
154
7938
7342
4645
4578
7956
4222
3020
7999
3556
9160
2350
3592
6284
7409
1381
9064
4334
8295
6316
5895
3281
7536
8363
726
9809
9314
3124
8785
6724
1958
8939
5740
9300
3583
1397
8334
8884
4417
6333
3518
4656
9762
7110
939
8249
9571
1081
2582
7865
8476
8477
2224
6011
7919
4029
6898
7232
8233
5682
5034
190
5699
774
568
361
2171
8902
9245
7667
6313
2763
2322
7153
951
4341
5401
521
5422
7983
9465
3898
6460
2767
987
5457
6797
8965
3767
5029
4646
8802
6298
345
9576
6866
1785
2825
5767
1029
491
2080
4871
3893
9233
5823
9313
4634
7423
4734
3695
7967
9711
1233
733
1777
6690
8609
741
457
3637
5387
9259
9935
6811
9913
6800
9675
3816
3646
704
4307
6805
5575
9279
7116
2476
8591
2828
978
4404
6524
8945
4114
7757
756
5891
5526
9366
7711
7062
3002
4177
7399
4016
987
7311
1894
662
1126
6619
2445
6512
3423
9099
6870
539
1575
5460
3367
3632
9864
969
2576
5057
8727
3332
2026
5331
2697
9738
2392
6779
3914
9791
1873
5980
8180
4846
7721
384
1465
165
7975
4888
343
4844
6506
2997
1383
9874
6629
1246
1921
9205
7382
1726
3615
9409
7057
7392
224
527
5249
4138
317
8201
1196
9576
3046
8918
9960
4511
161
9014
478
1583
3857
6984
4580
6319
7936
1208
7566
9858
1491
6026
1583
5107
6513
9720
3577
6737
246
8826
1953
1643
7026
3150
2297
1150
3146
3336
5662
3307
2349
6140
5970
7285
4202
549
3604
2138
1758
2248
3074
4328
8274
5736
513
4787
5455
4090
2602
6781
3994
4556
9503
2098
7706
1799
3249
1930
5135
9990
6316
7484
7208
2285
4769
1409
2835
9452
4626
5672
1699
7700
10000
9973
4515
513
5838
1048
4603
8441
7829
9677
4075
7331
1774
2859
209
6102
4789
5344
6091
1104
2828
3298
3390
8676
5787
6225
8127
412
2975
904
9192
2974
1955
3706
3487
7794
4754
9170
7313
3662
9925
2466
2071
1698
5325
2280
7801
113
7625
4970
1217
1531
8269
4607
1285
4055
1910
490
5546
4885
1394
4737
7860
3349
9522
2425
2221
5355
2673
612
9017
2597
3078
2166
5375
8403
4447
4254
8516
3150
302
812
5760
8571
5419
8124
3704
8409
8614
9251
3293
1086
5066
2231
4435
4588
5736
7736
1021
9488
9427
1116
3164
2505
3282
8539
1986
8808
3871
1581
3036
4173
2393
8796
3823
8891
6919
7527
8378
6611
7856
2750
7697
4001
4981
3211
9668
1795
946
688
1283
1451
1804
5526
5035
6165
4064
7022
4973
9014
9682
9088
3186
2074
8963
8088
2043
5881
6694
421
3571
5628
3171
1267
9629
9231
4478
9296
2105
6503
1062
4467
9034
2866
9993
4068
110
5135
2168
5083
4148
1849
5249
8413
5002
4211
6501
7046
1171
3194
8546
4742
9901
2795
6009
9530
3104
1566
9904
5209
9148
966
754
8181
4911
746
3328
5021
5881
5496
1182
1107
7346
6432
599
2347
642
7100
471
1813
1372
9017
7634
1272
2890
4722
1880
5995
6288
1784
2282
6514
2750
4116
5774
8740
4862
9102
3761
1822
4597
6022
4008
1942
2453
4607
4290
4175
2785
5840
7067
4157
5936
4701
6509
8826
9423
8389
5899
6789
1251
9261
3302
5080
3376
9076
3820
9317
8177
8660
2217
3853
4681
6226
5795
8214
1911
1163
3467
4697
7004
533
9933
2939
6313
6441
2843
6814
5909
9822
3602
8239
9082
7984
3319
3536
8138
7139
2852
7394
6877
5070
1246
1557
2374
8120
849
4285
9284
4316
60
7366
4850
9994
1383
2241
7513
4226
9056
4500
4047
3736
2739
4207
2798
6058
7743
936
4275
595
9409
1151
6744
1733
3787
196
9853
4637
5560
214
8953
5621
7580
4881
5614
41
8202
3126
5347
8336
7627
472
2071
1444
4680
5949
7502
2422
7964
2855
4096
7372
5085
1918
9105
8872
2114
35
4587
8754
250
4619
4374
8909
9500
9988
29
8780
4192
5376
7115
1818
5848
9187
3262
1606
6214
1842
5108
4177
5776
282
1548
860
2201
1731
811
5394
2845
5398
4147
4174
16
8521
3083
595
9587
4191
9375
3779
9567
6490
6676
6493
6755
1017
8100
4047
2859
3207
8224
8636
3489
850
574
6769
3660
1385
2163
6505
7863
7389
679
7879
6989
4841
9553
6575
9032
6
353
9677
7575
8109
6169
4329
9126
4268
9455
3063
8554
7678
2777
3122
8528
3352
9891
2187
5816
3132
8692
3678
521
449
2636
7510
5290
2188
5163
5400
2194
6596
5076
847
4704
1245
6255
4908
6592
5709
7971
6225
3386
748
9347
1913
5179
9237
5179
2073
2369
4950
5752
2890
5399
9467
1478
1768
1654
7720
8247
4928
4315
3323
5775
9019
5647
2030
3926
3317
7739
2976
9542
2204
4803
8888
5196
9982
9204
375
3133
1572
5325
8885
5541
1802
8351
8098
4649
1084
5817
2896
7091
132
7298
3944
229
4023
5974
5235
8419
4792
8211
9040
6996
3013
9006
3270
4073
8209
3645
7206
859
48
7170
6400
2930
6599
5576
7579
7683
1393
1553
5852
2604
9930
9797
2833
5031
6849
9147
4529
1640
7357
3568
9715
1448
2573
2985
6600
1861
7709
4885
2720
7758
3133
199
1766
9732
5775
423
8494
8247
3056
4345
850
2985
4141
4763
9096
990
4988
3624
3709
3424
8271
4503
5951
1922
8567
2551
3783
6275
8515
7583
5111
1647
7782
7956
2457
4635
8380
950
2882
1435
5296
4811
5499
515
652
5673
2584
5641
9297
6294
9065
8646
1875
6094
568
441
8645
5430
7795
8238
3012
3985
9885
793
1940
2342
5429
1398
4371
9390
2833
9667
4200
9412
1261
5932
5084
3845
2651
5460
138
2794
4105
2013
8888
5752
3533
8612
1182
2407
6849
5273
7471
7813
6067
9411
1233
2574
1888
5604
3042
5800
5271
8321
5211
6532
4252
295
376
6903
6834
1594
9697
2017
4686
8585
7770
9299
8275
30
1705
5123
5303
9176
2935
2448
9665
4168
6101
2631
9773
9143
8432
6122
7464
3642
3732
1715
5016
5187
9698
2928
6781
9394
4946
2546
9057
2715
2923
7331
3824
4628
3533
9127
4882
6468
2654
5625
1715
8755
8257
2566
7898
6688
8688
5361
1408
3498
8155
7504
8685
7852
431
6545
8325
5377
169
8460
9171
3092
6870
2994
8799
1481
3200
3680
9028
5854
383
742
5687
8640
3308
4663
6406
3074
1102
8894
6572
9258
6397
6336
8188
6828
3959
7591
3284
4128
7130
2454
7220
3999
5449
6018
5480
9728
776
4507
6660
1159
6329
2346
878
715
7010
8363
3790
8112
7256
1440
8448
3652
8855
7715
1559
2813
5305
4843
6941
2434
7297
5239
7512
3824
2335
2991
3551
3111
8578
1289
5350
4906
3636
7307
6700
1724
5669
1568
914
2925
3009
9363
6577
2942
7077
9215
6835
3460
4057
4854
5895
2433
93
4485
6257
3507
7477
887
6619
7133
2176
3047
3117
6891
353
9817
8615
6022
1385
9530
25
5473
9971
7682
9494
8126
6896
6328
1585
953
1182
8559
3386
1275
3044
721
4782
1599
2687
2479
9811
4864
6605
2927
2833
6958
3822
1448
4059
6286
2056
5163
1758
3105
2844
1252
2309
9741
7580
3894
1772
8762
3532
6237
1115
7655
6958
6977
332
724
534
142
6667
7140
4148
9500
5176
7970
2026
313
4256
4082
5477
7093
8266
8321
9424
574
9140
7004
5548
911
6844
158
7148
9039
7813
5185
7094
9224
6988
7628
9366
3654
4767
4592
3153
1022
2561
5180
1335
7896
340
6812
4989
8607
6212
5491
259
5351
2494
5807
6263
417
7044
4489
534
4856
752
7628
4079
7740
5255
4523
1393
1101
9115
5626
3202
2755
805
4537
650
2224
2428
6718
1909
8640
2209
2169
5069
5782
9055
2410
7278
7178
6900
8891
2033
8731
6518
7192
7550
2852
2793
21
5032
1908
5647
8234
5742
7531
3849
7471
9756
6277
5268
2743
5995
7477
4912
1064
4337
5046
3474
2694
2223
1452
1584
5335
183
9182
3605
8812
3112
6399
8833
8144
9386
5559
7456
5127
3089
1304
2597
3923
7582
7865
6667
3576
6420
2657
4640
1836
7703
9194
5609
1004
645
8272
7419
828
7453
1023
718
564
8501
9552
9787
8965
5110
7242
4091
9278
9626
7768
3201
7207
6711
9868
1861
4210
2524
7581
7125
1306
6774
2733
3389
7419
1004
807
9327
9537
2910
44
1179
1410
674
966
375
6863
9287
5545
6141
8912
4391
420
7197
2181
287
9059
7470
3890
7718
4594
6275
4491
8406
9665
2988
488
471
3393
24
3381
4517
1204
5871
6270
3249
7325
3133
2535
2869
352
1447
8340
772
8644
520
2138
8781
7990
6028
7577
3662
3382
3146
2067
3046
7214
2555
4596
606
3659
9057
6202
5942
4927
2472
9191
2251
6684
2804
6199
7036
4251
4538
8887
3974
5058
1024
3833
4126
8131
1410
7788
1512
5635
9855
5637
2848
3489
233
3455
8227
368
735
4168
6374
3207
4437
9704
9891
7241
5902
8005
2571
1519
7970
6545
7656
8994
1456
1782
8204
3945
648
794
9581
1582
7511
2428
5071
8823
6962
4376
9191
7698
9623
5564
904
4059
6346
1874
2378
2247
957
4949
4845
8928
2572
2501
9000
4029
5362
8282
9053
6010
9077
8633
7592
7666
2140
3741
6488
9102
8117
5678
7878
7739
2320
9862
2876
8666
1735
5255
1991
3771
1282
6837
2698
3855
416
2777
8963
5778
1058
8015
1787
1213
7727
9380
8879
945
3120
5366
1125
2316
2122
9004
1133
5521
8865
4010
5265
1678
343
7257
5449
1625
5172
9227
6559
5588
2003
5521
2444
3061
4615
4231
5354
3420
4689
4232
4365
8889
9599
5490
1204
2799
4493
3416
8321
4436
8505
3585
6114
8848
1920
2642
1552
8171
1868
8111
3758
4950
3632
6202
9090
9326
1512
4443
2745
6201
8676
8189
6168
9353
4757
8451
3230
9251
1867
1550
4765
371
6215
879
298
9214
4600
1850
7385
6468
9961
1142
1417
4671
8424
1585
5075
1014
6029
8899
7215
5783
7087
4462
5135
1844
2912
9444
2173
4779
994
6938
6230
8288
8896
6528
7501
3495
9457
5964
1041
495
8186
3537
6246
6609
5123
1320
8702
2230
219
5916
8013
8385
1456
4226
228
4369
3669
3480
226
5742
1497
6456
5108
392
4062
3688
4967
3518
9652
6008
4014
7837
624
1338
5524
5747
2658
4225
7977
3956
1220
7068
2341
2676
1293
3648
7045
4962
7129
8351
1783
8626
4806
6891
96
9948
578
6142
3465
230
2150
8558
9146
3853
974
4670
9600
3633
9974
8655
8668
2272
5722
1008
4949
7015
5736
3072
3055
2864
1422
4838
2568
7308
2808
3743
7255
3386
9886
1798
4695
2035
1435
4920
6967
2409
668
6566
7121
641
6299
5789
2914
3099
6797
8942
1192
2532
2013
4247
6475
4515
164
121
1822
4051
3865
155
8516
3750
1953
3211
6864
3388
9210
3830
6877
9878
1474
3997
518
7773
9786
4511
1950
6583
3452
3142
193
6545
8468
7748
1059
8632
7869
3960
3761
1733
4115
2277
5483
7147
6567
2346
535
5776
7255
7412
5653
8729
2487
7250
7580
2273
1761
9530
9935
6292
2671
1206
2836
1139
8954
4974
849
6823
12
4611
9635
4127
7967
5118
1274
4533
8543
2888
308
6877
1378
7040
5605
3865
4289
4264
6138
7129
3793
7151
3421
7544
8358
7336
9762
7311
3389
1689
5212
3401
7379
4847
7529
5345
1043
9882
956
664
3848
1264
7541
5226
9383
4225
169
3672
8489
6308
800
3360
4537
5300
1982
2894
2636
1743
205
6025
3433
6496
504
811
1342
8033
7236
3464
8993
8192
4129
2840
535
2748
9145
9918
6973
9315
4668
6540
6701
6548
9901
1237
1847
1882
4132
5562
4705
5416
2665
8138
1911
3170
27
4333
2281
8342
7797
1274
7613
3004
5193
8148
5753
4338
9144
2725
3652
4891
9266
1431
1438
244
2668
4364
2126
6800
9927
7910
2215
2591
6047
5206
6840
7154
9539
9122
6574
7335
395
4186
339
6667
3412
7171
2083
2556
974
5735
8526
239
7166
9964
1562
913
5406
4768
7713
5332
2677
1007
9003
9804
6213
5842
8036
6830
6042
4609
4164
7516
8796
5582
4183
3286
3831
6266
6921
4806
3080
5446
6124
1324
5409
7687
2237
815
2454
1029
7226
6210
2036
7307
6013
9328
4228
4048
6157
269
9737
1399
7786
9611
8061
1968
2896
1891
8234
9818
7776
2392
5263
3900
3717
1751
1586
7033
3645
5119
8062
870
1328
1176
9257
8421
503
3484
2468
7739
3753
2204
217
1538
1814
8278
3506
4711
1247
2819
5607
9024
6290
869
2923
6
3699
5588
8119
7344
1785
6180
9294
4192
8436
8550
2612
17
2033
5081
7757
6865
8364
7974
8404
178
7330
2988
5968
8577
6886
2653
8679
3176
3522
2680
4261
8301
9347
2379
5644
1131
9639
4937
5324
8074
4565
7936
8091
7677
4095
5847
4542
2459
4899
4024
3716
2228
7012
762
1884
4977
3415
562
8153
8016
3243
2413
6316
3668
4793
3039
4800
4431
9055
1202
3583
3620
216
1673
2375
4312
8600
7996
7850
3498
3098
2644
6806
1189
4485
8690
6166
8979
330
4318
8073
4652
6731
4389
8321
2602
7428
3120
8112
7561
5401
1694
1180
5617
3368
4635
1007
1967
2630
9936
6544
5729
2579
3349
7997
8143
3117
4162
7121
3448
8480
5194
9179
6289
661
7499
9971
9168
1697
8082
6728
7098
855
8988
3794
5302
3622
4801
8348
7331
4737
4891
4138
8395
9320
2134
7617
3515
7375
5816
8042
5854
2088
7221
3222
2749
5798
3192
2995
7496
2352
802
5672
4286
9790
9466
9588
4490
5346
7935
2899
82
3905
8117
9556
4303
1329
7172
7818
8705
2988
5860
5637
6155
4159
8859
8905
9957
3129
2978
7452
6561
3780
4203
846
4648
3668
434
9138
9014
9448
3116
174
3352
2311
809
7655
3640
7981
5473
2344
2047
2411
9061
8203
6570
7919
8186
6526
2127
2242
5057
8688
6023
338
612
670
4006
2125
887
4099
1573
5082
5352
6004
7393
6161
3659
1032
5221
210
4456
8347
3700
4595
6549
1348
3592
5813
7874
5719
8056
4009
5485
5157
4347
7177
6906
9433
9302
8872
4610
874
3953
1040
7958
1345
7202
2695
3457
3501
2905
8992
1847
7684
3586
9476
9032
8257
5288
7984
3976
4422
3072
539
9579
8498
7716
6485
9009
8097
5356
4697
49
388
5738
8007
2812
4018
701
7348
7519
4685
6339
9366
2368
1003
9920
1399
9261
5208
462
4315
9630
3534
5933
287
2031
3649
6772
1040
1745
3206
5737
1794
3594
2553
880
6407
6571
1581
4833
5168
6267
1172
5613
9714
3254
5532
2192
3593
1818
2654
8987
1448
7267
4920
2814
9298
8569
664
1416
1392
3870
8233
4265
8544
785
5145
6029
8436
7806
861
3603
5151
3112
9216
4864
7446
4748
7056
1038
6566
788
25
9093
8055
6024
1906
7353
5671
3649
9848
7063
7520
8080
2406
7142
9945
8631
3170
8380
6436
4031
1982
1586
7144
2277
7529
4589
8104
4585
6706
4669
6452
7810
4841
4507
3833
7826
2938
9504
1475
2785
7645
73
1944
1130
7215
1888
9761
384
1346
6196
5494
3328
8861
3716
6684
6389
9384
4787
2052
7169
535
8505
4978
5376
3011
9891
4280
7028
9394
5755
9813
8118
6907
2835
9248
4121
5802
9008
5584
7148
6282
1078
1555
6221
4794
8239
2609
5257
4105
5741
2425
4640
4245
7403
1094
8335
7293
5374
5362
7766
2208
6253
6962
9115
9089
6209
3236
5969
6295
8820
3117
3655
976
5751
9876
6850
5068
3563
2106
9173
9304
4531
3812
4627
3012
4906
4040
1384
280
9402
228
3567
6734
7190
2681
5822
4477
6996
2869
771
5816
5986
5505
6792
2815
5380
4720
7884
21
6826
7056
404
2435
868
6110
5448
6853
150
7911
8212
9552
8139
1778
6285
6407
4460
3185
883
1455
6055
2733
8350
3119
9317
6221
5935
5775
940
3818
5796
8846
873
7279
1280
2820
3389
6728
9674
3539
5717
7885
4169
4934
9664
454
1340
5202
4718
3302
7736
1851
7114
6086
4971
6430
3385
1984
2204
4325
5802
8001
3170
7754
5279
4451
574
9747
2257
1326
3285
9054
289
7455
3987
1031
8988
5328
6233
3705
8630
3969
6636
5744
1133
1606
2173
4518
3590
5457
9922
470
4536
3092
8224
9815
8622
9877
640
1957
2281
3925
1010
2571
1379
4998
3602
1445
1404
9836
6230
33
4883
2865
6856
6016
4471
108
1612
9140
5565
1533
9610
100
5704
8912
993
5404
9868
1633
8441
2148
6638
9451
4719
9096
5527
8322
541
6931
9236
6771
8044
4118
9636
5978
1212
5185
7165
3903
4324
3808
6515
5012
3908
2219
3923
5981
8702
4869
8693
7142
7018
6409
7672
1736
5505
3198
1136
6046
1208
371
3895
330
5568
3530
7387
6780
8715
4552
1761
4117
8360
8277
9129
3347
495
4130
406
275
9000
177
7418
7096
6587
6168
8832
2091
444
9969
9216
1652
1418
3110
3061
6987
6640
448
4845
6433
6079
6607
1628
4438
4883
756
7785
6457
5965
9270
6732
6043
9448
5228
3138
6034
1395
3049
8125
1840
3017
8419
4571
4435
1528
7633
2500
9247
9160
7346
5679
5238
3952
7307
754
8835
9142
9619
5291
6185
8888
3101
2228
8335
8330
6445
5447
9725
9494
4650
1564
3589
3068
7215
9104
4596
4847
1603
4921
5085
8949
599
1401
3979
8985
2155
3892
9205
1773
9183
6469
661
3363
8697
74
1692
6220
6601
2495
5714
1250
4060
9303
4319
2353
8406
9994
8279
9
4915
3363
36
6593
4764
4016
6657
6919
7908
6940
9772
8170
3408
1511
2611
3183
1585
4303
9404
8186
6798
5117
515
1936
4419
4834
4289
3904
5906
2567
4992
820
7009
5028
8493
1772
122
5149
9771
9110
2088
9542
8358
5497
2131
968
8680
3716
6350
8083
2981
3147
4278
3496
6163
9777
9409
451
3680
5314
4098
8672
7214
1106
4778
5706
3958
5980
1933
4807
5089
4021
5427
4525
596
7558
5493
355
2352
2921
9517
5333
6068
3795
9908
2230
3571
394
3761
8330
5709
7859
7001
4001
43
2857
785
4001
8837
2718
8808
5004
7818
4234
9529
8415
2870
6100
8770
5223
9021
9365
555
6168
3159
1542
9477
7809
1936
3237
6138
8724
2174
3138
2724
3297
7075
4588
7298
5911
7306
7185
915
5124
2497
1522
3538
5368
8702
3386
590
8801
3829
2224
6047
6989
3766
5524
4797
6782
9840
2014
5505
2014
6231
9309
5311
3305
3896
3687
9217
2281
1950
1210
7405
4448
3811
2021
894
3591
6486
2563
2392
314
4787
8439
8382
9633
5041
4258
6414
4881
6272
2997
7974
2502
3384
3284
6887
7281
8050
6103
9562
0
8392
8045
5527
3281
65
6421
6873
7630
8984
343
7944
4849
9861
6326
5560
4902
583
3052
9783
7934
6050
8835
435
9434
2118
7322
7793
1246
4503
8433
2325
3973
6477
7852
8334
7621
5351
6285
5250
5413
6628
4273
262
7567
1677
6901
2468
3339
9954
3329
1272
6003
2163
2786
6515
5360
1187
5387
7686
6769
3819
10
1821
1375
7863
154
74
3213
6439
6404
9706
4145
676
9968
1711
3432
6868
5259
6771
6821
9667
9122
3902
2909
1907
1496
8269
3094
6883
5954
942
1780
5965
2763
4234
4906
2917
4309
9198
434
712
8903
4579
2467
9949
7369
6978
6817
2627
3748
4716
2294
2869
9698
5203
5855
2272
4550
8950
9155
1583
970
2013
8627
3733
6248
3532
7729
556
2729
8163
2347
2711
3820
4814
2659
1188
2870
554
3816
6618
6350
7189
565
6047
3470
6420
8319
8020
6448
8552
681
7418
1643
9308
2229
7891
2839
9958
8447
6648
8120
1872
9359
1939
7765
3096
3128
634
3651
8023
7252
0
6290
8896
7126
9760
5316
6523
8858
2842
5074
9540
1339
6717
8847
3568
5687
2765
3526
5212
491
1645
7085
9850
4664
4849
2945
8871
5484
7675
6893
3814
7675
3182
2710
4800
2941
9105
1322
2877
1946
7475
2416
3285
5271
1263
7933
2036
5107
1458
7248
5598
4182
4332
6526
8846
9182
549
7716
5744
8225
5687
9558
5899
8869
2267
1778
2888
1371
4179
5766
4397
2733
9261
8761
9083
1602
6693
1118
6709
9230
9445
2306
3412
3777
9911
3336
4037
460
2131
9781
8685
7818
9338
5662
7766
1605
8519
1732
4055
3777
8577
8452
6510
7838
7213
6671
518
4984
8868
7228
4214
8312
612
8705
3167
523
3119
7204
2062
5250
6984
1825
4147
6322
7487
2991
9006
7085
5802
3060
861
4379
2591
8450
3295
882
5120
3813
5866
5066
2119
1158
3377
2732
9863
6545
4334
4061
3748
6396
9311
1811
9300
4536
9212
6786
8606
9296
4949
4408
3434
6889
9866
6025
5338
4239
6907
1536
8052
3852
6602
1250
6089
1058
5061
5952
7603
9395
1091
2429
6869
1480
4240
6168
6017
4530
4032
5701
3825
60
108
7260
6949
1052
4363
2287
5291
2349
4902
4422
7280
1504
5672
3368
2562
732
398
1243
1205
1489
3672
9153
2970
8992
5320
8987
3521
430
5766
8426
490
5875
6764
8519
6927
1126
805
3297
3475
5707
7719
754
8290
4469
4123
851
6280
5600
2094
7485
7090
6846
6637
59
5837
3035
124
436
4544
5890
9941
6114
2843
6704
4632
849
7831
6516
4146
2384
2222
1864
4218
1591
7412
9420
2442
3691
5019
5616
1175
2108
2461
8891
2167
9377
3004
3370
891
7548
9261
832
3661
2103
7536
9372
2952
6445
5887
8177
8830
8110
1119
3047
9701
8531
2466
3221
2221
8564
9916
4475
672
3455
3365
3918
2831
6369
7289
4802
4996
7628
5634
9736
809
4248
9108
4841
693
4994
3017
601
3103
4137
4727
3882
2667
8272
8183
4889
6835
8098
9364
8586
1553
3808
2504
5463
1255
871
264
6251
8499
6977
5987
9308
2304
5094
4148
4076
87
7166
4677
4270
2381
9404
9231
5048
8754
7413
1015
5588
6590
1458
4174
8143
5266
7757
4684
7600
8628
6028
3851
7126
4083
916
7512
6387
7089
2739
462
8255
983
6218
3603
3364
6700
2834
9491
5453
1325
506
2120
7915
1964
6294
7136
8309
4050
1820
5908
3756
7848
837
1960
1930
2832
9472
9397
9921
3289
9859
8176
4272
6077
1778
8715
3855
5691
8206
9309
8096
9791
1428
6010
1754
8801
3146
1141
3929
6045
7049
7685
4971
8966
9645
6901
1797
194
7376
1718
4563
7235
972
9914
4390
3829
8629
8245
599
7913
8632
8695
7703
59
4704
9457
9939
8929
1676
3867
6052
9804
2630
1022
8769
3353
9003
566
4627
6378
3363
9190
4691
5414
9103
159
321
7731
9484
920
6722
8115
9615
4424
9254
5398
4959
9192
5405
6635
4138
1457
6439
6768
2479
5207
1200
2560
6852
5827
8939
1293
5016
3629
6707
4118
4868
8108
2928
4351
9028
728
2465
9722
5153
1718
6198
111
1989
1602
6747
6127
4138
4264
3973
7697
9471
5173
256
7402
999
273
8695
7094
4982
6481
2291
9850
4588
6298
4200
4694
7026
7744
4415
2178
9463
612
2290
2530
3294
115
9736
8511
4379
4787
6207
4928
1039
7543
2329
3117
7816
2103
211
3876
9663
2502
3725
4250
9879
9004
8944
6904
6748
4438
161
7289
6129
3530
9819
9423
3645
632
9013
9103
5419
5219
4030
6458
3840
7439
9576
2735
620
9787
6611
282
3367
1415
5611
4324
418
5633
1227
8245
70
1388
5533
6200
4918
6430
6701
9642
7062
5713
9823
3560
2011
4932
17
5851
3449
671
8586
4069
1536
5197
4351
4903
6612
1040
305
8109
6673
1533
6354
6744
4000
1886
4022
9998
9396
722
717
6457
7515
540
16
9526
5472
1113
5376
8921
1784
3962
4068
3321
237
8419
9303
7928
537
9609
6036
7210
1141
3468
5032
6220
5355
9054
6217
4750
855
6935
2285
8370
8554
3381
7895
5104
4494
4349
4024
6278
9390
8092
9599
9627
7589
8902
8633
8126
8510
4669
6414
729
9216
1446
8028
4570
499
4245
398
2433
2258
3763
802
1890
7144
9776
6994
1637
4125
1017
8994
3514
187
8593
4220
8855
8573
3931
8059
8161
8600
4472
9969
8895
6997
7996
3464
8576
3319
4942
1008
5577
8705
1811
7467
6927
1586
4460
8564
6790
6556
8636
1383
7822
8307
6682
6676
6879
612
4734
6118
291
285
6086
9186
7282
4082
3728
5857
7401
8670
6866
4057
8453
9756
2602
5379
2420
8142
5021
9211
5776
4736
1672
3598
3042
8354
1352
9922
8966
7166
7118
9257
7451
3204
8442
5811
8365
2170
2747
6844
1918
691
1979
371
1525
4582
6829
3945
3802
2929
4234
9578
7665
5906
4254
1785
4259
5607
2785
3225
2772
9904
3560
1301
4186
2002
8191
3629
5251
937
472
7169
2707
3531
8619
4232
9192
6527
8178
2993
534
2411
2570
9278
9397
7904
1062
3655
3510
3848
7959
7361
3751
2598
9741
9016
4600
7931
2644
9851
9948
4195
8098
2654
7726
6717
6887
6917
3243
6143
988
4856
8554
4638
4133
9029
2541
5195
3763
6051
9043
1721
4490
3872
5398
4230
3966
9998
2160
6610
926
2107
805
103
4762
9610
6820
2727
7606
1141
8870
8594
7076
8502
3231
1208
7531
5772
6403
1293
2901
6525
4093
7391
396
9492
2699
5442
567
4860
2051
2573
8046
3935
2676
3886
4624
574
6613
2229
2794
6561
822
9870
5063
5133
1077
3672
904
7480
4965
4885
4004
136
3354
5480
9628
6054
921
1274
1992
4051
3847
1116
9066
6523
6082
3689
7097
3773
5918
9891
334
7819
838
6476
2951
1915
147
4935
473
5112
9820
5557
5248
4252
2115
5955
1384
3036
7229
4455
8166
1075
5572
7231
8677
1653
919
6852
6505
6837
7821
6839
5735
8659
3314
8686
573
3461
3620
1046
9652
4518
6603
5979
8771
9797
1933
154
3911
240
4610
2077
2394
1260
386
2149
3992
1306
9001
496
9222
6821
8415
4956
5479
1728
3642
7131
6269
8341
9256
6999
2859
6938
2977
1629
6734
5989
2862
645
7308
8551
2722
9702
9811
3108
1850
4881
5493
1929
5378
4715
8750
4871
749
5307
6599
5470
2437
3946
3811
1693
945
7749
8631
3922
9378
5364
990
3318
6009
8298
1869
9810
9079
2758
2918
2007
8719
9490
3937
4096
4204
2686
45
6033
9073
6644
1502
1509
1669
6392
3202
3693
4140
1832
7615
4596
8276
9684
8994
4284
7982
862
4094
7060
4699
8091
145
3417
7580
4082
8592
2863
7848
8637
9975
6920
6360
1476
8429
9108
8948
2710
2800
3087
5621
1493
8763
3896
1177
7756
9260
237
9697
4432
8376
4395
2522
8521
8892
1180
2603
8562
5122
1529
7199
5096
8449
4637
7652
7956
3744
6599
1744
6544
764
7366
9116
9527
2340
292
8361
1599
529
8057
6031
8905
3531
9632
7426
3501
1891
1107
2062
7013
2636
339
2109
2163
6055
9761
1197
9799
7438
4021
7421
8202
2465
6537
8808
4805
7908
8247
7484
8438
7383
4593
8421
913
5304
5846
5493
7195
8032
8634
4207
1746
8974
7395
3909
6107
8234
6186
5906
5671
206
4405
3873
3750
2020
3759
8555
9929
2005
7117
9445
9388
1710
7865
1379
7014
4790
7951
5287
2821
6585
572
4568
6637
7968
9556
2743
6201
6820
9728
1872
8105
4133
6824
1854
7232
1661
409
7160
4745
7526
7683
5212
314
5548
6591
8407
337
5621
3693
4237
2205
5345
8805
8842
3312
8361
1584
591
6259
2391
3542
4364
6524
1444
6218
4834
3105
7706
1994
8930
6311
755
4141
6625
6303
1810
6111
7719
7431
882
1956
9636
