6227
760
9556
9539
199
2219
1209
6459
4610
4751
1901
2212
6196
8119
7046
379
5825
118
9309
2135
874
3449
9839
7177
5260
5949
5975
3769
6832
7931
4484
3058
9770
4039
3676
9970
7337
4885
7507
1946
714
9408
4158
7989
8605
2283
8369
4429
2401
8756
7643
3275
2205
7482
1531
8544
4509
7506
2312
1340
5436
6796
5478
5205
1914
9154
6253
9251
5117
4838
2276
5831
5324
6434
3820
3929
9796
3267
9437
2197
2022
7080
6551
5306
5640
8082
3849
148
6666
7241
1489
2101
5115
8046
8386
8108
8278
5717
7359
3394
1634
9635
303
6958
7147
5202
1965
6943
8469
1402
218
1570
8482
6769
6876
4121
5930
1804
5348
2595
123
6837
5776
6317
4882
5240
4425
3159
956
1783
7632
2590
2496
9015
627
721
4216
2592
7664
3764
3994
8961
5334
3554
5730
3288
8754
1659
6171
4102
5333
6294
2017
1108
2611
7979
6348
7036
2216
8384
9898
9849
2052
3472
8863
3758
4193
4157
6351
2936
7921
1423
1896
4333
6057
8705
8701
4810
363
4871
9991
6776
2244
2008
7884
4855
9987
5311
2969
2202
4773
3945
3129
6825
7417
3070
583
1609
8307
8013
4545
6227
9436
7521
1639
5492
6225
1418
1381
7668
6289
1371
4443
8533
3379
2326
4466
4444
8716
8514
7726
3488
2458
1933
313
9875
5004
1975
2563
3310
9988
7108
615
501
5707
3333
7073
1932
5830
8454
9600
2119
9825
4042
1730
4283
7447
7276
9806
6163
5789
7531
9651
9327
543
1042
279
6626
4096
2842
1014
4083
1029
2708
5664
6736
6042
2736
8668
1871
1189
8267
5069
2092
3387
7879
6375
834
6233
6181
6997
3100
4790
6647
2426
5333
8769
2706
1958
2864
6627
4051
8027
7656
6760
3690
4392
3880
6426
4138
6830
8694
3484
2978
785
6871
856
7161
7705
8168
4420
4701
1267
288
2427
3694
5622
2274
7479
8659
5138
4105
2710
3164
1761
548
7933
7232
4428
5437
1369
1257
4130
4853
4235
5995
2803
6170
3155
507
4337
8654
6288
5605
8942
8715
377
5642
988
7856
5380
7205
3039
9169
1448
5879
9717
9381
3110
4144
4818
5559
6480
26
1490
1794
6021
4293
9043
254
4801
3380
8908
1088
63
8929
881
1519
4570
2948
453
9950
152
3492
196
1600
9372
9913
981
2481
5135
6878
9119
2694
6904
609
4488
2925
4902
3530
3179
9703
7989
3166
1869
9131
2094
2750
649
7743
6777
1102
8772
6930
4595
8968
9609
3966
9960
1668
7526
5094
8546
6645
7788
6529
7254
3354
9454
2155
7964
3711
2937
5952
7956
5885
5083
49
9715
5732
8872
6491
7914
7643
4499
2508
6610
4108
7553
6569
5776
6157
2742
5401
2801
1608
1929
1133
4963
2461
4368
4005
6172
8384
1035
5207
4268
6118
5256
3982
2929
5206
473
842
2848
4972
4429
537
158
1981
8185
5935
8138
2005
1335
2018
3614
4343
4230
9656
6804
8598
3660
4054
6981
4695
9261
2328
1892
4517
6310
5900
9723
7862
7821
3650
3913
2249
4187
4071
5309
3450
1084
4525
5456
3498
7622
9070
7841
1852
9804
4644
1528
3463
8699
8510
9237
7959
837
2207
3554
8226
8107
4356
6088
7006
9085
0
9255
4350
5150
5642
7800
6235
1246
4334
9733
8868
3403
7574
1798
4285
3296
3327
8827
1994
2915
8064
1032
3752
1349
5665
3056
535
20
9144
7541
183
222
7875
4533
5373
3516
2333
2686
5841
6667
2418
5788
1149
1070
7586
6513
4367
912
5340
7440
3827
4482
8472
8658
5831
4137
1714
6366
5236
1936
4986
5420
3238
2860
1031
8611
7455
4443
2375
3296
2189
5872
9084
4417
6943
7748
929
2388
9740
6269
9828
4645
750
9379
4382
7661
3515
6096
5105
9830
9111
90
6328
2348
2950
7360
2037
1484
2881
4412
4780
5070
284
4942
9487
8306
2689
416
693
3507
7764
1599
8153
9594
977
2534
7254
5571
9709
3437
5401
8819
3528
2807
1167
7557
1245
4283
9041
4127
8696
4899
9197
58
9841
9763
8364
3609
178
135
7116
7942
1734
6347
7535
2712
8881
5867
8283
9668
9305
4762
8487
3911
8649
732
1467
9894
5015
1587
5099
4789
6486
4296
4847
7406
4058
3210
1014
5315
3345
9209
4335
6159
5556
2949
8871
5515
9895
8232
5183
9199
4073
3669
4188
2721
5480
6735
3693
494
8322
8793
6363
5886
4167
1209
3291
9304
5499
5384
4618
9923
4593
31
6081
148
2980
6030
5663
2875
4262
1924
3152
9414
6672
7341
3213
2151
5154
6906
3725
3475
6777
87
439
943
2375
3731
246
7874
9115
5943
7797
3707
5975
3877
4934
8955
9908
1676
1829
5248
3600
6061
5740
1351
3401
8953
3502
8555
5858
8306
3108
3714
9472
3547
4657
1847
8357
4904
9721
8551
846
7517
2257
7900
1394
8271
6855
2380
1025
9763
7628
4625
5823
3367
7055
302
3398
557
9936
334
9942
4122
4048
9414
8749
8706
2339
7105
4688
2059
5655
6613
9577
8992
4513
2049
8341
2446
4429
9366
2208
3135
5069
9111
7581
2124
9413
978
2681
427
1312
3701
4549
6440
4193
3297
5145
6532
1481
911
8592
8215
8603
9247
7206
4194
1295
5546
6640
6803
4911
9928
1016
9981
9038
8597
2104
9529
653
5864
9956
3044
643
5584
9484
4837
9960
4628
1368
1440
6618
1038
9656
5221
284
7940
9415
2658
4565
7134
539
554
7061
1555
534
6098
1230
3717
6705
1883
659
6661
4928
2382
3323
4411
7219
3282
118
9666
4723
7815
704
5457
4114
2067
4475
3529
5805
9040
1741
7423
9595
8802
8979
1207
5978
208
6004
2682
3171
7742
421
9178
123
3744
4667
7342
8106
4785
8087
3907
2600
9870
442
7793
3015
4917
1321
8820
3957
4141
6243
4630
2942
6300
5837
9999
7587
1840
3760
1836
9583
5260
1013
784
83
5681
9206
8189
1544
7292
2095
5223
7161
2537
3016
1254
8533
5416
74
2489
9558
7396
8198
3578
4774
4035
3577
2360
6954
8416
5276
7615
3675
6289
8400
3758
1969
7605
3025
4593
5975
6199
9816
4214
9815
2831
5468
8348
8248
6621
1915
7805
5095
113
1382
9869
4148
6038
3308
2180
5532
8584
874
9208
4872
9274
4044
7921
7957
8149
2513
5010
4347
2328
9224
4162
6239
4691
2509
4486
1312
4424
3369
6407
5616
5830
7355
842
1868
662
3023
8479
9246
4976
8765
5196
5328
2809
4195
3284
957
7787
8294
5304
1194
8596
544
7433
3286
4132
1918
4598
9636
5287
2084
5251
1116
9439
6094
4063
1179
195
3621
424
5171
2385
6699
498
5194
1973
4861
7230
9760
4233
3613
953
2828
4157
9465
6114
9369
1382
1791
9004
7748
3875
4254
9944
4392
1426
5085
5571
1621
8706
7074
6792
1091
4851
8369
7364
6824
3229
5673
6584
7462
9286
8616
289
4521
8081
7483
3889
541
9274
2892
8290
4227
8226
9312
9698
9652
5475
5268
2352
5260
3420
9144
7430
8271
8592
4793
5095
1820
1544
1678
361
1908
1372
650
6430
9453
8133
1397
9995
8485
5369
9363
2711
4673
9753
2408
4324
5227
8755
6676
486
2174
6899
7916
445
6569
3788
5540
8389
5332
8297
8750
8320
9669
479
4749
200
9691
7225
194
8176
3672
9557
1965
8345
387
5453
3748
5614
5286
1502
6101
7461
9480
5095
8985
6048
9962
5603
4437
6373
4978
4265
4692
4646
5823
519
5925
5514
7744
6119
4768
1416
6754
7812
839
7141
4343
4587
3834
9630
6090
9935
8169
5569
6108
8232
1617
6070
3834
7133
2442
8812
2476
7134
4536
8300
8732
461
3813
6475
7659
9660
8970
4413
8550
9810
2632
2893
5475
6466
3601
1564
7479
1769
8213
4666
0
908
1814
4913
8041
4256
3724
516
2468
9339
9895
1199
878
3707
8753
8538
4445
8802
4029
2995
8611
7740
6967
4085
4206
567
6729
2763
2336
6020
7429
3415
6928
9243
8328
6047
4577
3130
7642
8124
2468
7537
401
3347
2322
233
2963
7847
9035
6992
1920
7645
4731
8887
2808
15
9454
615
2779
2868
7714
1286
6283
5720
1608
5689
1766
7264
8819
487
5388
2365
9103
6868
6791
2503
7101
9754
349
6135
6745
2269
4858
1476
2234
8746
2570
1687
439
5349
5634
8154
7715
1916
3873
9323
8684
6719
7665
7502
7206
3052
9868
7387
999
6658
9890
9179
7491
1318
6393
4235
4666
1250
6790
6901
1074
9361
9667
1514
5788
5301
9668
3502
8296
4619
3903
6980
1337
1568
4481
9622
5699
5427
7008
7777
3164
7977
6956
654
9295
3348
5968
5039
5677
3837
1939
6752
3197
2685
9345
63
7986
90
4645
6281
4709
9627
3260
6047
2273
8821
6747
7973
5326
3755
6828
9569
1731
4862
1301
2104
8210
7270
7143
4966
1106
161
2796
5382
2846
2140
5445
831
2230
89
8191
8018
9717
1451
5143
1989
1350
1890
1040
6676
5645
8948
7324
8455
3809
8625
1637
3098
6973
8780
8064
8079
19
859
4539
2865
2999
9985
4775
6308
1152
2966
4325
1947
5496
547
5016
6846
2437
7135
4600
9161
7161
1923
8694
970
1627
330
4068
8600
188
2131
7758
208
4069
2296
3073
7068
3359
7849
4454
5591
814
9858
8617
6310
404
4711
4234
3920
1846
9913
3080
85
1836
1773
1055
4542
3182
6202
3141
3371
8333
898
3579
3480
4274
7731
547
7633
5579
6080
4302
7472
5938
2919
4860
7421
7630
172
1341
554
85
5500
640
3000
8353
1695
7542
1534
8977
682
5984
8388
1581
9563
1868
5855
8373
3494
4566
3951
9575
8869
2502
6591
1787
7362
4011
495
8614
6431
1050
8699
1931
2769
1698
1362
5543
9240
2896
4519
9922
9960
2907
2581
9522
4775
9515
8973
8269
5160
2924
7843
4028
6505
5512
6894
4945
9524
8468
3558
7033
9518
2256
8964
3365
3954
325
8909
4272
4301
3427
5273
4260
6334
7854
4860
1108
8448
3833
456
4686
7836
9378
9793
4340
4890
6686
9285
4413
6232
3922
2524
6829
6178
2567
193
1211
2892
9102
5483
8272
2529
755
3610
9942
9689
8471
2129
9215
3382
2585
3900
2296
1962
3692
7715
6852
1456
8078
2343
7688
1999
5947
4516
8178
8514
4710
9389
2484
4890
5950
756
8498
7785
5445
8440
7473
4994
1647
6687
8376
4232
1665
1750
7273
5357
9465
5204
7892
7543
8626
5579
9542
4572
1174
8798
3085
5884
9265
6649
773
5215
7405
9272
2999
3928
8790
1550
8923
436
9316
8377
5747
980
127
3019
6337
9592
9302
4228
7134
7928
885
7755
3578
2059
6552
7743
9022
6896
4391
874
2110
2874
1224
6188
6802
13
7738
5724
1528
8132
4101
7275
9112
4228
1372
6527
4898
1753
1833
3111
759
2718
1944
4337
5857
8496
3158
4878
6470
7549
5752
9659
422
8055
5846
8304
8068
4662
4027
674
2793
9207
7949
2983
4513
400
9510
490
2153
1342
3601
2912
5140
5545
8328
996
5119
1486
6953
1589
113
3784
1247
536
1838
8173
9919
9907
3913
5024
580
6707
4231
9609
9690
9823
1087
278
312
3240
2699
3913
7231
7839
536
5558
9914
5656
7044
6867
8324
8237
650
649
9852
2488
8822
9770
3473
2735
4793
5133
520
9024
5820
1288
8847
6907
1566
237
146
4266
4151
7377
3183
5766
4013
3097
2500
2136
1042
1902
372
1692
2552
223
5259
2452
9993
9812
5187
4785
4944
6786
4888
763
8075
4813
8749
719
5050
8895
6064
279
7350
9248
7125
1362
3423
9625
4577
4465
1527
4949
7236
4079
5172
3573
6531
6243
3384
2797
2107
9407
661
6995
1248
8736
2886
9997
534
9015
9970
6598
9295
7319
6924
7498
9761
1425
7122
4337
6969
9728
9287
5283
4885
5537
8857
2495
1780
3319
5292
3887
3805
5953
1960
5053
5768
5925
5050
6302
4939
5019
3978
5312
3417
1981
2809
3177
3406
9932
7514
1454
737
7879
6737
5623
3416
6672
8118
6275
9992
4488
1240
3796
440
3200
9928
7287
203
6056
4667
5142
1075
9725
454
5571
1705
3263
8748
6190
4273
7340
8723
5011
6298
5460
633
9714
2131
9830
7067
3201
4317
8307
8076
5836
2585
8004
4202
2788
4059
8869
7930
6213
8593
9463
2862
1376
2726
1609
8646
8078
28
7368
3088
6326
2827
4800
7118
6038
5708
4184
317
24
3569
8394
6940
7233
7476
1141
1099
2613
9
107
9906
9682
9571
2767
1057
3375
5456
9703
1452
5484
7071
5620
2888
976
1498
5
8093
7207
5268
8411
7231
9916
7883
4170
8227
5358
6390
9326
9050
6400
9433
8955
6081
81
2801
8217
3456
8257
8999
4909
4819
7148
1607
7707
8124
3105
8791
7296
311
5137
5706
8622
6131
3588
3870
4357
24
260
3682
9074
6660
3114
9108
3819
4275
1908
3114
7731
1243
2112
3718
6062
338
5325
4847
9542
8431
4716
6837
9821
9853
2542
8442
5983
7209
2312
1418
7233
3651
5100
7385
1389
9293
6492
6287
3567
9479
9401
1298
1800
2592
6095
8941
2930
1420
3787
3550
929
9582
386
749
512
2928
270
7574
136
2582
8992
8448
7312
4091
5833
8701
4463
3403
4987
8030
3961
5466
406
5761
8058
6502
5781
2067
9001
646
5617
9930
228
6004
678
740
10
948
8315
1226
4609
8385
752
1920
2476
7664
1699
8018
1067
7765
7126
6107
3231
7533
2946
2367
5113
8727
4434
4113
9374
1130
5121
9602
8213
5799
1420
9302
7827
813
1606
3514
9199
2359
5435
2753
22
8213
770
2168
5978
8975
8275
9209
7586
1221
1575
2698
9948
7089
7890
399
9298
3010
1079
8589
9889
2500
7890
7715
4392
9497
1228
3590
2934
7742
7422
4035
7034
9271
6204
3011
8246
5557
3298
5831
6778
5952
9609
7805
3040
7498
9283
3416
1587
362
2004
1475
2862
973
268
8333
1548
2575
1923
4482
1396
423
8517
8430
9695
5799
2519
7940
1356
5817
4849
9213
1768
4457
8096
5888
1955
7379
9304
3542
7741
1308
6096
1681
3360
6364
13
4908
17
1936
9390
1413
2360
8985
921
3133
5863
3440
1072
7219
9257
5921
7510
1025
1457
5606
7992
3412
2984
7295
8033
724
9682
5207
3484
3041
2649
3497
7949
2666
6513
8417
5159
9952
8481
6080
3084
4343
9521
5235
2640
9856
2234
149
1959
3691
6834
9951
8182
9818
7246
6214
1620
8006
1420
5104
2126
4069
9681
74
7815
6193
9571
2973
6144
9130
9053
306
4551
9652
5541
7191
9508
7775
8419
1466
2545
6332
1417
726
7228
9742
6941
8849
7747
9440
5031
9873
4588
4711
1026
2402
1982
1675
6454
9205
804
5506
9511
5355
6237
5051
3624
5744
3905
3121
8289
6450
9453
9706
7176
6681
525
5195
6608
8273
5714
2717
9224
301
8508
1328
3782
1568
3003
235
773
4886
6820
283
1319
3056
6414
6022
9879
318
222
8168
7847
9675
8952
6101
7434
556
2375
5120
9908
8089
8917
9131
9469
7424
1538
3250
8992
5620
4564
843
1585
1383
1127
2904
5519
7541
5
6476
8938
227
4643
7863
980
4674
3963
9494
5230
7417
5692
6216
5505
4608
5346
6052
3110
7963
9302
3181
3583
3865
4024
5168
6328
5151
9151
2925
3770
9156
9401
2707
461
4044
1648
1442
9797
6691
2014
6105
4107
7706
2320
691
2314
8745
6743
5424
6708
7124
8605
1369
2067
2629
7616
8395
8859
6766
1319
2629
7001
720
6415
7462
5843
8064
9983
6718
4754
1996
3901
9940
781
6221
630
3095
6044
7374
9598
3830
4497
9282
6278
6564
2989
3893
6038
1847
659
8436
5555
8739
9156
1970
6200
6077
1112
7262
2794
6945
336
6695
6884
1117
3994
7515
5291
1117
5967
4889
4947
463
4170
1225
8106
7159
6197
4143
84
6856
2579
5640
6673
2813
8689
2873
9970
9801
1213
2763
7824
1549
537
4707
3746
5610
3300
9037
6727
9267
3925
2753
808
9174
5057
9994
6332
1253
5215
7496
9189
8873
3135
5861
2765
1823
9813
2734
2702
1025
5497
525
3654
7113
6311
7400
2723
690
7515
9450
1035
1440
3281
2923
1692
8338
2916
9104
9592
8131
6599
9859
8083
9734
5719
847
2635
5532
3581
5337
7636
156
6941
2368
7270
4330
9768
1071
5020
8362
1599
7135
9802
4881
57
2572
3218
2973
1675
3888
2182
8274
3746
1343
9086
544
2190
1720
6076
5771
8136
4790
7007
6155
7159
5355
1564
8005
6426
7663
6366
8025
4797
7246
2905
4854
9819
7203
8906
2572
2169
2167
1925
6995
3510
1010
7539
6780
3810
4693
3629
3024
9483
635
258
7720
5990
1822
5725
2415
9485
3169
1519
4282
1494
5503
214
1312
3784
199
4963
5954
2366
6888
2948
6955
8978
486
3734
3866
5179
7364
7969
5740
9078
8227
3460
6147
1127
263
8562
612
3432
1159
5973
4926
6663
7266
7317
446
7465
3359
7479
9831
246
426
7865
302
1991
2677
5247
7170
1119
3216
3989
197
1442
7449
6344
2570
8791
5984
4261
2222
8223
233
8228
4885
7499
6623
6410
6043
9982
3889
6952
1307
4315
4816
2688
7386
7494
7936
5634
9692
1151
9623
9889
3672
8150
7311
7321
6940
4374
1581
241
2596
2893
9548
8560
1471
6170
4969
7514
7231
9937
4465
8538
5331
360
1225
2716
8933
9161
8350
8624
1390
7973
9592
5063
7201
7981
2383
4141
2354
3965
4382
6029
7937
5008
4588
9408
1177
636
8000
8408
572
3544
8024
6982
3904
328
9698
3915
9489
8048
2538
1958
7099
3208
7021
4299
1189
9404
9519
3543
4447
4979
651
2384
9987
5239
2870
1164
6954
1949
650
8606
5493
8675
5587
475
9003
5285
5469
9570
4411
9086
2606
2588
2294
9627
6887
3483
109
6406
8105
4556
1384
8756
8019
2450
5074
1968
3614
3106
3917
5343
1711
488
5096
7299
2042
4098
3662
7511
4747
9152
7675
7353
1739
9969
8059
8626
4530
8168
6110
2635
3802
8574
2469
1821
1023
8622
4868
5716
1728
9864
1058
4518
1430
6155
1816
3472
1331
6557
2061
7157
5708
9736
5589
7447
783
4726
7152
5313
2893
4340
9027
6695
3992
2575
9595
6094
1196
5541
1809
4003
5404
3947
8522
6834
1180
1416
1384
2511
7974
3445
747
4760
4260
7415
3286
6122
2140
1516
1434
5033
6935
1540
2806
927
4115
2401
7021
6390
9021
9910
393
4425
4935
8915
1258
6115
1409
3722
8626
461
7167
451
5222
2505
7866
9587
8627
5
1102
1140
6117
9116
2680
8924
42
7874
2403
8143
5342
1423
9131
5735
5848
4065
5728
8186
179
7138
1907
9884
8678
152
335
3899
3737
9280
4564
3442
9286
6745
4582
5402
5861
8341
5404
5903
7293
8886
5124
2635
309
4254
8370
7236
8319
5177
6500
8498
3393
9486
8382
2070
9639
9796
7049
4454
9075
1612
7896
8360
8358
3557
4841
5297
1897
1323
2278
9191
209
7403
2904
1597
1656
2352
8833
9976
7529
6412
9552
2000
5897
7933
4071
6614
8807
2198
1067
7882
4889
8964
7320
3246
2520
2160
9622
5496
4563
1900
5765
4772
9303
8669
7448
2037
1021
7359
3091
9629
3770
2643
2708
9668
1654
6779
7360
461
55
8428
8343
4944
8470
5662
9270
2068
8902
8891
8643
4543
790
4408
393
92
4155
7841
3209
6255
5199
6300
6963
8970
8943
9671
9716
1676
7528
7075
2137
7583
6581
1558
2526
5050
8299
1795
8197
8279
1765
6840
2821
2555
1247
3214
3727
6481
1054
6936
2736
6254
3235
9699
6302
3257
9369
6017
4933
6896
3091
8149
4478
9673
9707
8083
5801
8005
957
3998
6284
2722
837
9105
6356
3163
3398
82
9644
4452
8097
2379
705
2411
3156
7007
6747
3603
4102
2758
498
7194
906
6055
7945
612
5217
4824
9696
6174
8822
7058
9975
737
7242
6330
3900
639
7492
4623
5091
6667
8081
6876
9078
1237
4961
6903
4840
9064
9661
6418
7336
566
3551
6359
2257
8768
1182
1953
4941
1083
9011
4915
1820
6252
1245
6800
6891
9816
1422
3061
6482
581
1015
5560
1818
5976
3541
7738
6118
3202
4155
4532
3768
7706
890
6026
6474
3152
9058
2493
5314
9147
8488
7134
5399
811
5012
3368
626
7513
7508
7108
8095
8523
3746
991
5578
7288
8729
1695
1568
3962
7307
5336
2747
9276
2440
299
3506
1497
2792
8820
644
2358
7033
7122
3169
2044
1568
3795
9558
9077
1982
8731
8678
6807
9722
4255
5173
9530
7030
6741
3491
5415
2077
6238
4690
5596
6537
8197
7094
408
7016
8817
2766
4048
7017
7015
7172
8585
1888
6729
8740
3870
6538
7418
1756
6259
2751
6929
5788
859
3670
358
6274
6826
7675
964
3500
5291
9161
1672
5699
7255
488
9544
1303
7505
6558
9554
7169
9526
6282
5908
4474
3898
4404
6230
1235
7156
4238
7024
8015
8987
8461
4289
5812
6135
6332
390
1425
5492
2063
8203
3825
3630
8826
6207
2214
6462
5760
9383
5987
3120
6369
461
7018
773
6691
8254
7929
928
6356
7022
9915
4816
2389
6805
2029
8721
7196
4534
5291
337
3815
9117
3967
2640
5323
6181
9103
2162
5563
5089
5282
3011
5550
2300
3784
3320
1632
2791
5327
7988
9813
6321
3882
2202
3125
6990
922
1399
2602
7293
2815
6418
6409
6783
9058
2810
4042
8160
4972
684
4328
254
3695
956
3633
7479
5355
6344
269
682
5410
81
7003
370
3362
1206
7360
5364
3685
9963
2656
6500
6380
9065
4361
6516
2953
8404
5755
7926
9088
82
9259
2782
2117
3970
260
7473
313
1608
9234
6802
2768
6236
7172
6131
8521
5610
2573
2205
5572
5229
9785
3030
5372
4145
625
8325
2548
6380
7329
2714
7541
7666
5496
9658
2714
6835
8209
4106
8443
7442
907
2290
4756
8079
9500
3277
3689
2072
6561
339
7301
6345
4449
2672
1569
5074
2075
4117
2532
483
7911
72
8149
3406
808
1942
1320
9018
6048
841
7538
6956
3131
2294
6113
2630
5571
880
4702
2131
2299
3081
9556
6748
6832
1124
2900
8908
6320
6511
469
4230
6583
9697
8716
8470
1638
1114
8566
7687
1955
6104
5721
6166
9477
2912
8796
5047
4872
4577
8257
7171
7658
8891
4997
5569
1093
8976
5555
7414
5486
6024
2722
3147
5720
2516
1616
7359
3630
1261
6124
6665
8444
2923
2830
7920
5835
2704
4045
706
7281
3380
8956
6018
2271
3952
1586
3364
4006
7141
1856
9492
3164
5658
2638
9963
8174
5334
8400
2883
6595
4523
9548
6117
7446
2377
4036
4360
5081
8081
6145
3441
2539
6180
9459
4810
1210
2123
9254
5217
9264
2188
4708
3506
7846
8426
4547
7099
3759
2947
9982
1432
8549
607
7549
7074
2984
1584
1433
9144
743
8657
2584
3282
4836
3121
9172
6047
6323
9504
2342
6665
1691
7050
170
616
5475
5797
7715
312
8744
8775
1744
7292
9382
371
5444
3444
3034
6877
3666
3777
6613
7330
8139
2527
450
8389
9653
6774
7892
1994
3438
661
123
4688
1277
6677
1563
70
6990
1385
8845
9813
9756
9305
1263
5200
2748
4297
3155
6415
8075
9768
3744
7292
3374
5273
5680
3026
3125
3571
5021
7643
4232
6223
3409
5510
2899
4972
6659
967
6357
5504
1859
6112
4808
3122
1311
8636
7419
4467
5050
6572
5313
9873
3863
8687
5145
9543
1713
9350
3113
7813
6992
8425
4035
400
5013
8013
5372
1671
8981
1728
7175
1918
8919
3062
5040
230
1697
2458
5776
7826
109
1088
8777
3972
854
5000
3515
2567
4349
7707
1458
1340
6131
6572
1740
1143
4584
8191
2815
4643
9919
1068
6561
9917
5209
2679
146
7985
6217
7001
6889
6326
9168
5665
297
21
665
4891
3667
5014
2598
5125
7434
9808
2775
9174
2030
7360
7365
4845
3081
8362
6992
721
8278
3280
4479
9503
1264
695
7582
8154
8100
6750
4897
9477
6771
5562
4367
438
1655
8044
6642
167
7852
9418
9341
9882
7856
7784
5805
2015
7225
3875
2736
6581
7155
7216
7163
9499
8990
4744
8731
7090
2572
3627
6566
9344
268
2011
860
3002
55
8581
3169
8986
7998
3588
9946
6932
2451
5750
8948
9676
703
1683
7335
7859
9978
4497
8436
8968
320
7166
7136
2892
792
3701
3314
1060
5712
4174
4062
6846
3834
8310
5831
2910
1898
5776
9843
4349
2604
8790
4024
3308
1551
2437
2245
2608
6935
680
1575
8334
7846
9790
1225
9717
3490
5619
1856
280
9793
6997
8206
4705
5307
4036
7616
7205
891
7458
1553
3495
7326
6656
7882
8877
9093
1205
1484
7106
2964
4138
5439
809
3927
7744
1605
8496
3362
3461
9856
4233
457
8061
8939
5764
3175
7633
4047
4066
5090
5600
8641
2415
3334
7601
2370
2427
8807
4934
611
1770
150
7130
3659
5157
4873
5264
4731
9314
9804
4586
4625
1339
2646
3563
7104
5822
1195
1150
966
7364
7830
685
857
1163
8287
4307
4669
7093
319
5281
9942
1548
2410
3600
6705
8362
9943
1436
7675
824
6022
2299
2164
9748
6942
346
6648
9216
2575
7614
6580
404
9379
8516
2647
7665
2822
7316
5836
4220
2596
5777
5769
6085
456
2473
4446
398
4988
3199
2302
2089
5499
4466
2915
3519
5891
9563
2734
8466
8255
392
9950
7633
9988
2596
5297
3888
990
1132
8109
4666
7989
3877
750
8445
7429
6276
9922
2417
9475
2223
5585
6052
7768
8500
9571
3658
8062
2305
2124
7395
3776
3152
5028
3763
5748
1403
7652
7817
3615
5760
2482
2682
715
4312
1126
9223
1666
1047
1639
1140
4350
8303
7193
2117
6802
7842
5776
5942
146
8979
3337
5002
2130
9444
8765
8957
1925
7495
6773
5540
4333
334
8222
5048
4646
426
4271
7391
2553
6989
8531
6903
6371
6802
98
3172
4644
5874
193
5869
4852
3530
870
8061
4052
714
7017
5977
9288
3790
2596
3621
4124
1896
9748
9849
3402
5097
7239
5955
3165
6848
3936
9536
3650
4034
3786
9373
9909
3979
6320
5839
7509
8270
3900
2639
8984
916
8617
9350
5785
2291
4049
9909
5266
3797
835
8668
9973
9153
4622
3137
6001
8558
3751
729
2592
7538
1180
3579
1516
7500
9418
104
5769
4396
3822
5831
5313
2438
5181
2176
5808
9230
2085
1074
4105
3999
9742
5157
3152
5443
9373
231
5079
3124
2039
8750
1740
3219
2328
4335
1797
2825
4439
7567
7221
8262
4476
3612
1778
9657
5789
8666
9966
8953
9740
5149
4030
559
305
7182
7081
757
8492
2160
3881
1609
909
6700
5907
4317
1034
7705
7142
6553
6350
5441
4814
825
132
7671
482
7000
7415
1526
5952
7154
7754
9982
8793
8060
8243
6952
9896
7813
190
3776
9423
1100
475
6408
6496
2588
4112
4716
9141
461
156
5033
1287
1367
2704
2848
8367
118
5453
5397
8352
3206
5379
8223
2344
4700
5174
2239
3591
6444
7094
3013
8623
7569
9422
5118
1236
4612
9834
376
6153
1068
5410
7440
2436
8114
1366
1881
9311
6819
7279
8741
24
2657
8042
3448
8436
4295
5687
2026
738
2781
6119
9361
1428
6619
4478
2664
1230
5390
3041
7383
6458
9530
5901
9973
7643
8346
1854
8032
5164
9133
7852
6268
2868
5893
794
1303
187
6481
4408
925
340
1605
285
1769
8224
5842
5512
533
1231
9632
8995
7690
9161
5975
8741
7882
4320
594
6993
563
9727
4844
6831
3673
736
7625
6055
924
5184
463
2928
5525
2068
4293
8373
1371
134
4963
1904
1366
4595
1977
134
4834
7952
8875
3795
2272
9470
787
2835
274
5631
744
3948
7446
9448
1081
9449
4631
1544
2377
1234
4692
6670
685
6063
6804
5649
9046
9249
1322
1022
9383
6156
53
8258
9951
2325
8806
1816
6239
158
7447
6983
5185
5972
7509
6267
5420
2139
8890
8876
4453
3581
6624
5138
722
3428
1865
846
3755
3187
1869
3138
422
3001
2474
1451
5326
2358
3268
2643
2516
1793
704
7702
7765
8213
5047
4264
1430
3936
3139
5883
8597
9764
2100
9319
4270
3965
1244
8025
8232
3113
2241
8654
6114
5794
104
2518
8152
4451
6240
668
7324
6944
9449
6167
5156
4495
430
7665
8431
4649
4627
7027
5491
6727
7425
9761
1770
8669
8864
1
2860
2184
8655
52
7978
9839
3649
6130
5368
9889
7877
2691
6832
7325
8859
3066
1819
367
730
1328
5016
5357
8356
506
2083
6859
1345
4933
5527
1288
4934
8387
3472
3589
9518
2528
4506
3166
9737
952
3054
7613
3644
9886
4937
3581
2951
7835
3948
4760
9164
8965
117
8598
549
3279
5456
1895
8212
982
3183
4225
447
7734
8893
9965
261
3398
3130
1077
4350
7263
8690
9073
8227
4706
2653
2256
3619
6602
7016
2782
6645
8212
2458
7194
2570
7914
167
1860
9975
3350
6085
1500
2162
4977
1464
3503
9454
5673
4580
4883
4014
3269
3955
2240
9054
7688
4496
2673
5368
2591
5455
2012
802
8993
284
3372
6906
452
5233
7960
4881
2396
9460
7044
7374
2003
546
6827
7676
5126
1709
2769
8395
6744
5009
7449
4431
584
1200
9799
3175
6655
2889
3977
6726
3173
8429
3632
3625
4740
1591
8507
7136
2129
6629
5588
4132
7175
2415
2887
2300
5203
5656
1773
3025
1743
300
7456
2327
1500
8333
5502
9235
1221
558
5960
5474
65
670
9099
4805
3340
8684
3019
5470
6391
8608
9602
3565
2101
3567
6944
8383
9223
8718
1408
966
96
8864
4372
1597
7197
9875
1910
9497
1511
7870
4970
1576
9620
5148
6381
2959
4910
478
9508
1301
9086
188
4866
1186
3755
2889
9570
4057
2685
977
6102
2781
919
473
5457
9195
347
7367
9771
2937
6316
4740
4513
5935
966
1972
8894
5877
2451
9481
7178
1536
9669
3122
3802
3423
7090
4450
7480
9775
6506
3581
2556
8504
4055
8013
7699
5481
5380
7469
8419
1695
3287
4010
8709
4254
5983
7602
130
8434
7082
8387
1048
7829
2587
5929
1252
9678
1457
9811
9452
7963
4471
3086
6467
9605
1099
5244
5085
7558
3791
4582
331
7078
9672
9040
1331
5654
7720
2540
5166
5881
2005
7293
3709
4593
4301
4961
5349
5758
5851
4800
4800
321
7887
2345
9926
64
7589
6089
7622
2458
1750
9032
9536
1421
8071
1946
8154
5790
4486
4398
1670
7571
2769
5380
2163
7070
1419
7512
3907
7270
3390
8707
8670
2355
1051
8595
3498
9719
5763
2198
2176
8592
1229
2790
12
9300
4736
9245
6169
301
3642
8918
7872
7490
4297
1113
4560
6796
9704
8467
4065
4172
8252
3814
7607
9303
3487
1104
99
9250
4382
2275
7841
5611
6144
8932
5990
880
9255
3237
2260
3975
2154
131
1465
6452
2323
6025
4326
2026
5570
9470
7277
3821
3283
4883
4202
6771
7067
4301
6020
1448
7655
4940
7059
3798
4950
4127
5757
4205
7364
8017
8180
9519
9227
9645
7049
1549
5669
1374
4654
2317
843
1931
6138
4127
7893
339
897
4959
5719
7996
6407
3373
2935
4545
8251
8965
8672
4007
3169
6036
2024
1348
5554
1250
993
3681
3879
7741
5055
8533
58
5898
1542
7275
1103
9436
8694
3079
4394
4412
1075
801
8865
5089
6425
7115
4053
5096
1121
7222
1131
4224
9650
7764
5475
642
2523
9354
8383
7578
8965
9520
4555
507
6795
5658
9943
5488
8738
5415
978
891
7295
9843
5980
3719
6957
1112
8816
9158
8334
1025
4460
7983
9869
1013
9704
2391
1445
9166
1048
410
8685
5603
917
6558
2339
1938
3124
2155
8432
4103
3046
5727
3945
105
524
1981
1217
418
2217
629
1444
6677
9692
2391
7691
9395
5861
9136
9639
7988
624
9403
3590
2620
5960
7009
4558
9085
9164
4069
4266
3289
9796
9290
3394
1398
1270
4611
1817
4566
6319
4340
1243
6010
6731
12
6484
3670
226
6122
1658
851
5524
6327
3471
2563
4414
9109
2726
3578
3177
6992
7946
4051
6281
1339
5449
8631
5950
7266
3196
2268
1605
5518
9358
9415
6609
5841
4164
6836
3041
6901
8766
8566
3227
2236
2207
8721
2423
6012
2298
5600
3003
1322
729
362
2661
6179
71
9690
4523
4347
3036
7208
943
2393
7701
7553
9313
2943
5467
2354
9844
4232
1998
4150
7547
4205
2870
9971
216
6247
6649
4298
7569
8458
5739
229
5715
6890
9919
237
1236
2954
8524
3258
6427
7304
810
5739
246
7356
9172
90
1587
1169
4240
213
6453
8189
1262
7748
4435
7911
3124
2003
6368
9943
2232
3161
6832
3229
3399
9147
7262
3001
2404
3688
1383
3215
506
1630
570
9678
2799
3237
1926
8118
3450
8379
6306
4712
6127
740
3701
9251
2743
1148
9193
6054
4309
7103
361
8787
6249
7623
2867
9733
2390
4250
2947
3975
5880
4596
3652
9758
8912
6657
7875
3440
5036
5259
9231
2241
5999
2932
2570
9821
5159
2842
6953
9468
9945
7314
9334
7273
6016
2200
7005
8406
6450
1030
3459
3409
5626
8190
3166
5617
4847
2120
9057
9883
7379
8288
2123
4457
2298
4693
4277
7457
7535
2309
8003
8559
701
7336
5831
6717
614
2835
6201
7065
3865
9660
1552
569
7850
4718
7265
2696
6838
7401
3657
5296
6767
6859
9753
9065
2630
5108
7600
1244
7417
6681
9803
9198
5096
6712
5914
5710
625
3194
3853
5569
2853
5405
7217
1781
1202
4482
5556
9119
1882
291
4414
8649
7150
4166
8792
859
353
7470
2103
7770
4150
2984
6967
324
9696
3960
7114
320
7154
966
5889
1085
7451
3105
3946
8653
8666
9502
7771
1626
9794
3264
274
8022
8509
144
8881
8862
7614
2062
7711
2843
5046
5756
3167
4741
9716
280
6140
7948
2326
3107
9034
9777
7292
2979
8429
5957
3559
7278
7584
4431
541
8937
3532
9051
9082
2412
8991
7774
4475
6701
616
599
2457
3784
5341
2172
5143
2559
1199
7469
5667
1311
7245
4037
4290
6752
1072
8928
5109
9735
4438
6729
8672
7970
6858
8832
1460
5849
6605
5935
2549
8301
6535
5006
3163
2954
8258
8306
6592
9457
6854
2258
1846
5177
7374
6136
1929
8447
6142
8117
8181
579
4845
7931
9628
1703
7841
1088
7552
5525
7023
1179
3825
4636
7265
8067
8669
5522
7451
5261
6057
4304
8598
7903
9482
5972
5117
2489
4418
2337
605
3677
3996
5450
2687
3623
8232
527
4711
5783
6052
2813
8042
9877
8528
5306
9022
7197
1906
6473
3536
9042
776
2133
8023
1336
8105
4218
3825
3601
6555
4430
8358
1629
959
1044
5253
9191
1571
1042
6053
8703
3855
4094
9658
2383
9400
8680
658
2384
5152
4194
2504
5928
6327
526
7265
5511
4744
2168
190
2377
6599
9627
4007
7558
670
338
6748
3321
1380
3879
2023
5236
7973
1680
8698
8451
1438
9356
834
6590
3549
3338
3597
954
4943
861
7544
765
3029
7735
3143
706
8440
8229
9343
9111
9646
7170
3510
1025
1048
6612
7340
9022
8292
7116
7472
9731
6471
9386
7399
1098
3802
995
3132
9825
2935
675
589
7044
9489
4811
7750
7929
4118
7093
8118
3763
4262
2706
4789
6389
9318
3207
5410
8688
323
3961
9497
7873
4425
6896
50
9306
7891
4261
9130
1905
6015
798
8949
6583
5609
6698
4511
9728
4869
3707
4569
209
6413
436
6599
5730
3644
3087
5496
5046
7048
4993
3997
2551
1888
4047
1857
857
9387
2065
2762
5402
2863
1710
1984
9552
9488
7574
357
5435
1280
4926
5645
8772
5363
3322
5580
85
6409
1075
5131
4536
7147
206
7087
9035
5333
22
971
4719
2088
4812
120
6030
6523
3183
6660
7089
756
7017
2523
3115
1943
9247
2965
8385
3647
9624
9549
1135
699
4679
5671
8925
5964
3836
7960
1296
3859
9
6016
7026
4821
7215
3055
2422
1477
9716
9511
3312
7811
3113
7507
832
3438
471
9217
7086
95
8765
8221
1873
4522
4970
797
486
8806
9836
2861
2664
9845
9956
9690
5745
7171
3824
8167
9727
4618
8757
3038
2428
2948
544
3261
7465
1016
3556
5629
2190
2321
3849
5142
7922
9898
5939
9487
8704
6854
2348
2446
7777
2303
3215
3521
552
7039
2767
278
1656
2602
3317
5163
5550
3861
8424
4093
5956
1980
9723
9225
5380
4650
4366
3301
4548
305
3867
3251
8238
6215
6776
6014
9597
9991
9536
149
8108
3381
1506
842
5983
4823
6006
2611
9764
5508
6704
6798
7488
6426
6023
3946
1076
388
8327
6703
1772
2193
9954
9
9487
7808
7103
9083
7799
6638
310
6985
1097
1817
7828
8159
6640
4912
769
7482
419
8552
4280
8987
6057
1381
2932
8212
2848
1258
4914
4621
4530
5946
5709
4016
3753
2811
3099
2630
527
4488
9616
1624
6305
8522
9783
4024
3433
1630
1505
3852
182
6864
3917
7318
9324
6850
5529
2172
9187
1521
6793
3717
7467
3580
7733
2298
6392
1910
4929
6919
6399
5623
9623
2703
4144
483
6727
8656
2114
9312
3586
3375
7254
7504
1771
6578
4353
8379
8750
3539
9900
6621
8335
8445
200
6068
742
6592
9057
6750
4590
5455
3451
5291
9238
7595
6853
7043
7329
45
7433
915
3420
4687
8419
6270
2343
3850
4648
1092
8468
4547
7713
6803
2991
7913
3949
4813
5584
3005
1562
1252
9540
5014
7622
9856
3687
4474
6898
1016
4520
5410
3010
9019
96
1428
5289
3518
5278
9937
4610
4824
5563
3401
1626
8554
2392
5575
4445
7976
9660
6008
306
277
2100
7928
132
6866
2402
8109
8961
8001
3518
1970
7019
4693
3398
2307
8211
9755
3323
2820
4579
8886
7300
7284
8518
9693
3938
2963
8747
3597
49
9054
3874
3228
8060
4006
93
1540
2114
9055
9541
6712
2103
6560
1404
5502
9946
9616
6335
3268
3514
1992
3232
814
9277
2829
1585
3214
6871
331
7890
6920
463
2842
1226
8524
6848
1319
63
40
1452
683
7831
3556
7243
9236
136
8267
9930
7550
2614
4522
621
5846
6415
9898
9754
8000
4190
6624
8332
3158
4622
9874
6000
5848
8397
3926
8247
9540
3966
777
222
2876
5412
8544
2111
6627
6810
3119
4177
9424
7641
4798
6349
4056
5774
6102
3134
1042
3805
2544
4200
8427
2418
199
5354
814
5204
3600
1432
248
4377
1654
3124
868
197
5235
7495
8087
8354
2750
7510
7074
7548
4937
1129
4400
2118
5342
6521
5923
7887
720
4349
304
1998
9703
2197
7202
4381
3630
8530
9838
6363
1653
705
7640
6889
9279
5726
6321
2029
3235
4473
655
9252
6681
5056
1369
2023
2655
7292
9910
3376
2719
213
6453
3501
3489
4734
8961
8198
3263
8798
4561
4916
581
2200
2883
9861
7926
283
1889
2239
4756
3623
1490
1437
9758
3938
3460
2413
1229
4448
5789
5028
5740
3320
9608
9229
8054
8568
7427
2395
8445
1987
7312
9026
5266
1273
8886
3191
1556
1853
5430
6313
5477
8000
8829
6313
1937
3367
8726
4246
7815
5593
352
4633
8914
9960
3861
8046
8527
2366
441
8050
5432
7753
7076
697
9026
7040
3888
1661
8894
397
9053
5449
9476
7881
1761
1412
2326
1566
6737
1219
7159
7089
5852
6072
8127
9713
5197
7733
2079
5638
5782
8590
4469
2857
9288
4573
9898
3175
6234
9870
4651
6365
6397
4126
4245
9237
6618
7650
802
4433
8869
7962
2601
4720
5112
727
5512
308
9539
8670
7025
5321
7259
1493
9257
6546
7146
232
800
3379
1180
5451
9745
7577
656
5068
7893
8353
3797
8695
3864
2665
7735
6465
8465
3926
8272
3976
5313
7810
2645
2338
3130
9904
4910
2387
7529
2055
2619
8329
6514
3800
4858
7337
2455
6593
3483
347
6024
7280
121
9889
1024
8935
7432
9489
2860
5703
3464
8174
3513
7188
1590
7722
7091
6500
1187
4619
9635
4886
4026
6148
9765
8885
4563
2219
6556
8046
3646
2580
6405
4846
3547
7429
3780
978
6917
6641
6682
1459
5893
1273
8647
7483
8995
6816
5061
182
2514
4695
6147
6540
1921
5911
6503
7563
9209
4138
5609
2854
6718
3092
8779
264
520
2559
2321
8516
278
9003
9975
7250
1354
9700
5811
1428
6515
871
2689
9029
6646
8836
6648
9646
4746
4229
7209
3954
8367
3896
7888
6163
6988
6666
6427
8587
303
9828
8181
1660
8830
8155
8910
1263
8933
4720
2691
5447
6671
5380
5555
4395
4215
3281
4040
8961
7510
1248
3993
5877
6223
2959
2039
3210
9626
9546
2875
1007
9373
1055
2668
9281
288
1577
543
9221
7377
4313
5747
4047
9693
1301
8442
3907
4582
3560
3946
3170
4809
9019
125
2110
1977
3244
6400
1602
2789
9275
2610
3240
330
6357
3599
1697
7934
5222
918
6389
9535
6665
435
306
9045
9956
4213
4705
3516
9239
7875
9404
8257
8001
2592
233
1244
8992
2915
5112
8267
6604
9431
9676
2960
3029
2451
1972
9330
3369
8362
9944
1112
9876
249
1235
910
5541
5940
5505
4779
4894
4908
3035
2894
7500
4348
5217
7571
7263
1407
5837
4945
837
6591
7905
4945
9042
955
5354
3490
395
5297
4602
271
5546
6917
1181
1086
2856
6686
6945
7750
2672
1058
1722
1250
5406
8018
8821
3747
503
5736
8692
1340
2326
7675
7365
2447
8631
3797
5937
9026
9094
1617
375
5718
8534
2635
6804
2469
399
4827
1297
3071
5886
3020
5401
1291
2116
4221
6118
2620
1036
4809
5039
4441
2484
2403
6888
2193
7279
3903
2297
6372
6600
2673
2089
6212
5308
9973
8681
5708
4799
9979
9858
684
4077
6337
3055
6193
1637
9173
9892
2673
5060
4931
7114
8623
8413
5081
815
5692
62
4192
3142
7741
6865
5232
3953
3251
6283
3712
37
2160
4769
9896
3924
9925
6232
6979
6118
7869
7230
7088
1620
2289
2018
9814
1991
1510
4894
2806
7202
6035
6998
343
3776
4941
6654
8808
8193
4015
3598
8230
6176
8368
9204
99
8292
6515
8157
5488
5462
6465
2576
7083
9833
5673
6896
1823
7183
2868
4630
5463
9982
2706
6886
4836
8727
3539
3643
6919
8634
7242
6227
4809
6688
6510
5987
4979
3024
4143
1546
8486
1686
5201
6647
1518
873
4621
3342
9136
8568
9051
4598
8550
2835
2562
3385
1561
7181
8108
9559
5814
5349
5786
622
3115
2295
7688
8094
6398
1830
718
5962
3516
5919
2609
6113
6793
8309
9455
7007
6877
8505
2683
5426
1340
5246
8811
2901
2426
7997
2460
9319
4424
9325
9941
7539
2698
7628
6712
9096
536
7430
6136
5131
3349
9824
2322
1220
8133
1777
8227
5009
1360
1988
434
3779
7234
323
7760
738
8321
1298
56
3823
622
1075
1362
4399
9782
8074
4573
1396
6582
708
7606
1009
532
9929
2229
8665
1705
1534
3673
4144
3523
5186
7924
1835
6588
5683
2574
5987
6981
3709
9811
8682
4785
1172
3080
5645
324
7653
7042
6906
9440
4647
7916
9972
4575
1223
8636
7359
3837
3387
1503
7360
9652
505
273
6240
6188
3926
2226
4247
7636
2036
2928
3499
3208
7087
9144
3532
5818
7264
1517
5257
1911
511
5229
7565
1734
4943
6003
5571
9410
8585
4009
9061
9090
4283
5300
5277
8209
7527
602
6923
9563
3530
421
3850
1695
9566
8461
7513
6829
1056
2769
9819
1567
9077
8463
3302
5099
4465
9952
4508
3049
3961
3568
2138
9323
9948
8494
7531
7474
9096
5533
8115
3704
5954
3043
6478
6598
2583
3990
4506
3639
7838
5403
5207
6915
3865
9588
2013
8330
9539
7600
2457
3499
1167
4595
2821
1114
4167
1431
9667
4341
6964
8861
8045
3996
1903
5601
594
4486
9591
6179
9205
8508
1581
4411
5422
5447
3998
8514
4855
3536
6113
7313
8115
8359
2986
2014
552
7154
3445
1297
1494
1487
157
618
5484
2061
6219
7157
7626
5810
4414
6830
5396
5995
2319
817
2520
7396
409
7376
932
7601
5767
125
7038
8753
2139
7590
5906
6664
9967
7401
8151
123
9098
4713
3263
5316
2948
1968
2204
7362
8798
7600
4436
2196
9496
6956
9592
9905
5410
1602
8584
1176
1727
5622
9930
4946
4290
5835
1609
5335
4314
838
5459
3411
5552
8722
8728
9579
689
2010
6941
566
9611
1376
2762
184
9411
3432
89
4821
5035
9752
5997
6762
6452
5926
2786
1821
2840
4395
7156
8233
5234
2614
1644
1864
2415
1450
2521
4183
3460
9462
5828
4149
1916
9669
4334
2406
3101
5502
7227
8136
6332
3223
5976
2784
228
8763
5684
3068
4236
2839
1300
9470
6533
4023
2412
26
6552
4934
5288
12
5474
1116
5240
8470
784
652
875
3885
6154
8102
3099
2486
2403
9076
6349
2631
8917
2032
6778
3152
5950
9158
2622
3561
3180
6113
3587
9733
1046
8876
823
7600
9992
7142
6069
1854
7795
6944
5740
5027
6124
8839
8592
8527
8993
4940
2237
7909
8051
9015
1061
5080
8172
4762
8641
2431
1953
3307
3242
4079
3261
5144
1678
3252
3364
8826
6185
1158
6848
3003
7265
2971
1842
5856
1497
1913
1875
3734
901
9926
3828
3041
5005
3078
8882
4725
5509
834
8032
9830
4913
1292
6052
7670
5623
9417
7574
1807
1653
4421
4811
8918
7392
7732
4774
9969
723
6649
3702
1624
7653
8609
4665
3737
1687
3546
8462
8275
5460
7572
9184
1451
8864
5235
9122
5565
5730
6695
8451
7384
1116
3261
6301
9587
2071
2153
9555
3874
9881
4336
5498
7534
2944
1242
1270
5710
5867
810
3985
1326
8382
3168
2778
7245
9482
2978
2809
5212
751
2338
2595
2946
5600
9975
2533
8750
3207
3166
2623
3087
8581
9201
620
1525
442
2969
8314
6309
3779
3377
8715
2160
7624
1492
483
7106
5549
4371
2317
6300
6710
5991
9247
3388
7044
2858
2137
250
6024
5840
3338
4605
6119
5037
7209
6561
8007
6601
3948
1785
9979
3741
5025
7602
6312
5508
4707
1860
9880
8103
8161
7668
5172
8486
1055
2216
1343
4271
2466
8446
110
6883
3050
7308
1920
1337
3868
1005
7939
8896
2790
7917
3715
8894
5518
27
4402
1304
1887
5360
9407
1126
3027
5658
9612
4082
7874
2033
8353
1418
479
9543
8302
3529
6850
1300
5946
1797
2305
3884
1771
6174
2879
5486
5068
8397
6592
548
779
8480
5908
1265
9606
13
6923
296
5174
4796
2329
3526
7293
2808
4147
5594
7417
2076
7973
3362
4952
277
8325
6723
6452
1203
3287
2598
678
9880
3146
1458
9438
132
2723
121
145
9646
417
5319
5520
3826
9924
2812
7713
5150
9486
5129
8305
7458
9570
3256
7736
8973
1057
5266
175
5423
8943
1933
5302
2088
3391
5818
3299
7193
5940
4523
6838
7436
920
3436
1261
1922
6248
8975
7072
5733
5182
5376
3191
4752
9711
2005
4803
767
8350
4979
6191
7292
6912
2571
9380
1381
8390
3757
8574
5408
8280
6490
2843
9200
9926
4105
1121
6173
4158
9273
2985
9340
5727
6176
5170
5438
9260
9974
7284
7609
6031
3474
4900
4021
7125
5358
5402
5514
9115
3975
921
8473
1543
4843
8751
1468
8948
950
7641
4184
222
1704
3524
7029
7880
9773
2466
8218
824
9750
5826
6855
4303
1804
1954
1427
7162
7356
8020
7355
2409
19
6906
3952
4862
5656
6499
4889
6607
5219
9073
7908
6923
3675
4936
5882
3448
7402
4099
5351
8231
1004
2206
3612
2808
5239
5039
1049
2595
4137
9483
6083
4156
6389
1114
9018
2044
7613
3906
9730
2831
2979
7638
9755
7733
2573
5636
2259
1054
813
7611
9285
1817
895
3975
5705
6134
9014
6754
8729
3150
6236
5891
8385
3703
7005
7402
5748
4617
2387
6556
7449
6445
4193
8282
4177
7846
4996
6437
8900
5809
4047
9263
8706
6021
3237
4410
2154
3329
2242
1962
7558
8478
7853
5942
2181
5936
4422
9008
552
6809
5563
9080
3253
835
7361
7431
8681
2356
4946
8659
9245
71
9000
7950
6092
2236
3438
9325
6644
5680
1286
4201
5236
217
1221
8496
6153
5643
8582
6706
2452
5224
6864
6784
6059
4225
4214
5818
7660
238
5555
7983
309
4554
5932
7480
7869
448
6805
4512
6128
8091
9792
2443
8309
2091
938
5540
8813
9521
2245
1264
4744
9110
9128
1881
4413
4420
8778
3151
4659
4332
1134
4968
8886
8145
2448
7833
8594
331
3423
5800
8422
4293
8243
7809
6384
260
3349
5196
859
6673
7540
5603
6861
6667
8563
1273
1086
7340
5504
6824
2750
6638
1792
1635
4782
5319
9468
4454
5650
3969
254
5150
8262
9576
2959
4645
914
7387
919
1773
4059
8459
8455
1999
6204
7017
4351
8370
5435
9855
5193
8185
6492
8064
898
2353
3382
365
6807
110
5413
8140
6340
3674
8795
9299
8319
9709
7764
317
1482
2901
9855
9937
4900
6059
8033
9252
5507
3467
9106
699
1652
6677
8764
2550
108
3224
3995
6915
4414
9408
6134
753
3082
6007
1130
2479
5715
8894
2796
7197
2873
2651
8213
7774
9789
6245
8104
5295
9712
8288
7073
2442
6043
6915
4993
6151
139
66
4145
5632
9474
278
6385
3634
6285
8594
6114
3078
7487
9989
1354
1438
3718
9567
9212
4585
5811
8394
958
6601
6682
8032
9044
2724
4946
4036
8876
6164
4102
3020
2874
4654
4377
9259
8289
1740
7852
5481
4818
6417
6548
6172
7856
1345
6817
8146
5930
2627
6540
6889
307
4300
5999
9351
7024
2023
4465
6978
9267
8567
1076
2140
4299
5453
2478
3666
8272
1408
9147
4169
8905
6774
1419
7839
8119
8237
5984
5127
1942
3602
3094
2249
7902
9093
1599
6005
2195
6064
2982
2540
5709
5138
4680
8
1669
8237
4753
9942
9646
4979
4110
8550
1752
5529
6388
9871
4844
3450
4997
6787
8132
8092
9036
7112
8263
635
3116
1536
6699
7178
4076
3487
3394
9836
4574
5063
8072
9327
5004
8796
4305
192
8424
6057
6801
5890
7006
1644
9341
3082
8431
8551
2252
7467
5662
1593
8102
9858
3130
5879
8114
7206
444
1507
8120
5018
6570
7271
5424
2653
6066
9729
2845
4490
6865
9646
379
4949
1290
798
8031
9721
427
1361
8266
7169
2955
7446
7026
6085
3325
6218
4369
4848
8804
3568
9867
6452
838
6369
9105
6904
6097
3029
2472
4040
3753
3931
8990
5043
4729
8099
5843
5157
9461
4108
2325
3494
2633
429
657
5958
7726
5026
1884
6529
8594
2829
4059
9432
9198
3164
7415
5295
7272
9887
413
1024
3817
481
7147
9626
8581
2989
5861
9120
8176
9265
3692
808
772
4349
7845
8498
9375
808
6105
9048
3637
163
9558
2835
4406
6972
8130
2756
7938
9622
3781
2833
103
927
2458
9763
4995
9398
8882
3170
8662
2573
5058
9434
6922
3981
9010
7375
4789
6193
7501
8427
7436
7059
1261
1841
5109
469
4598
3046
1169
9458
5880
1272
384
9417
1034
5379
8815
994
9628
8555
4646
5764
9068
1567
824
9156
21
5613
5349
7522
5118
2784
4580
7458
5704
768
9006
1380
3814
175
837
772
1447
2300
1268
2482
8758
1161
4555
8386
9716
9202
5228
9862
1847
6052
9018
1868
2744
5445
469
7862
9308
6128
6399
6090
6896
5404
7471
710
5579
9387
2561
7027
2766
3829
587
1523
4990
5142
987
5785
4343
6216
5646
6191
3346
5742
9138
6090
2265
9607
5031
1572
5735
1429
8742
3709
6833
6212
4419
2412
6677
8060
517
9443
1888
2183
966
6879
7325
1953
3742
2747
9248
9388
16
2594
6209
9154
9763
8474
8761
4793
1125
5574
7301
9867
9283
5213
7157
4781
7625
3833
2840
9221
4355
5807
1403
5321
3764
9807
8353
7506
2553
8680
6894
2569
2352
4181
2802
2114
3733
2641
7987
4858
8215
5287
5803
8576
499
2959
4435
9203
7872
8354
8423
2226
4161
904
8626
7925
711
8057
6510
4343
6736
4482
6913
9088
8663
9715
2281
2395
2355
267
8333
1648
5554
4135
1302
7133
8174
5738
6335
6045
5170
5837
9350
9331
7820
9054
8335
8531
7110
4844
2874
4925
9326
865
5091
7988
1658
7372
1461
5092
7639
9794
6740
4272
5008
9121
2483
3181
5937
9897
304
1107
5733
732
437
3553
9786
9851
3162
7974
4694
7115
3977
5098
7980
9069
4164
716
7519
5626
5808
5158
6498
3626
508
1505
2747
2991
5765
8684
2887
6069
869
9700
7880
1307
4331
7665
2236
8572
6718
6931
5687
694
3107
4745
841
7272
5462
8361
2897
1269
4597
473
5975
6184
3058
8722
253
8823
8484
3140
5971
9354
3918
3850
1739
8249
2594
3975
6821
390
1984
3586
1084
5092
8331
3005
2363
3792
2444
6339
6141
7041
6812
2115
3224
948
1915
3477
9772
1477
7696
5742
1909
2693
670
3648
941
3264
8703
8841
3654
686
2426
5818
6857
1836
9902
298
5628
2345
6637
2847
9386
4528
4962
3688
5476
7956
8244
6326
9434
7018
2067
1342
9711
3817
6070
1731
7081
4772
571
1814
6537
4077
8711
4473
5913
8612
4771
2619
2035
2487
5467
2499
7015
1507
6187
3569
9464
5509
9896
9976
2526
3041
1317
3316
6858
8466
5047
5018
4316
6697
7911
853
773
7700
6405
7765
7390
1175
1463
9425
3662
8009
1923
1755
9516
9189
5325
57
5776
6299
32
9381
418
2429
2696
7277
1973
7743
3373
6290
4440
2362
8222
6292
61
4626
4057
7451
5801
6599
7954
9464
4607
9877
1218
5201
143
7622
6338
5919
3920
7449
5299
5418
9878
7996
2694
1851
6817
7146
8141
1256
9508
7441
7549
647
2066
2684
8098
7867
9283
6051
8409
4968
7006
706
168
7149
8328
6506
4146
3327
3955
523
8745
4911
9598
2517
7841
6415
741
7060
7671
248
4500
6298
895
6566
60
71
5512
421
7201
3920
5389
4206
4626
6637
2433
4033
4221
7658
7360
9255
8181
7183
5245
8858
9700
3085
5272
1519
1224
4021
1767
5724
1398
3741
3369
1458
4891
8881
1880
2091
3879
8348
6297
8506
6063
9809
2538
284
7466
976
9539
6725
8159
4783
5582
8937
8948
1932
455
171
5954
3301
6974
7352
8121
1421
9889
3011
1380
2847
5102
5260
1195
2477
3765
7258
3364
7382
8621
829
9437
9239
8633
7595
5100
4215
7610
4047
7226
9144
5297
3179
3523
3350
1609
1643
4771
1498
5733
6152
5424
1913
2490
6619
5469
7334
4956
8833
4715
4655
740
4151
3893
9373
2824
8994
4666
1512
4119
1892
655
495
6150
5257
3845
8839
6900
9695
1415
3711
6925
6839
5624
9415
4537
1092
6748
571
9925
1462
5226
664
6692
9120
1115
594
9192
6861
2106
3310
8753
3840
3805
5981
9097
8729
4819
7075
8424
6234
785
5348
3073
7488
4763
7610
8580
1510
8181
9583
4052
4485
1325
1822
3604
2441
3496
3874
9302
6681
7185
9133
521
2068
5113
696
797
1011
7772
299
7245
9636
5647
1396
7124
1488
9006
6782
4078
8265
6365
9209
2750
7690
2109
7433
1209
5605
1307
1589
2286
9571
1800
3886
1638
7993
4582
3514
9004
3432
3813
6248
3068
539
7645
1270
2027
7729
8052
7184
7073
5495
6392
901
4264
8502
9413
5473
4106
719
8142
7471
289
9942
1356
3007
7934
5939
6521
8016
449
1413
5343
4596
1952
2987
5866
3979
1794
4997
2242
9946
491
8634
846
4755
8214
259
1307
3399
2057
9449
869
3426
468
2226
6433
9482
9244
4032
7497
9693
5445
2839
4289
8476
6905
1233
3534
9779
6230
5776
9724
7801
5488
570
2555
3702
1908
4941
7101
3965
4389
9049
7391
4858
2353
4902
5418
1596
13
2914
2368
6537
6833
7736
5013
3737
47
8547
3515
7357
5401
3239
5157
888
4888
8791
5669
6796
3732
3848
1839
9200
2897
9231
5136
6329
5211
553
9005
5224
4547
1372
2840
1379
186
7853
5116
233
7478
9711
8669
3957
2949
3825
4845
8916
3695
514
5711
8506
4362
8629
7705
8338
7859
3920
4667
4149
4473
3671
451
9020
6122
3291
398
7387
1143
6594
8699
9700
6304
7368
3656
331
2271
9581
9247
5966
94
6036
5550
5535
4664
3255
4952
3602
7175
697
8830
2726
5447
9281
2825
2647
2572
4302
33
4794
895
9811
4494
8278
7178
8150
9688
528
7730
8934
7573
8903
6048
3123
5517
1791
7457
1547
6472
5710
2244
5301
8436
7691
5660
2339
1416
8232
6642
1449
3026
8616
2338
7520
6894
9517
6748
6581
44
5557
6594
7617
5538
3720
1818
2133
6590
9275
3680
3061
4984
5924
9441
4499
4693
5101
6838
6109
4411
3479
8637
7437
2095
975
6035
67
1570
3862
7727
2693
497
5399
1388
6035
9120
3207
8169
5709
3560
1848
9850
8545
8852
368
3043
4623
6548
9881
732
959
4439
447
8396
6534
2501
5510
7680
5150
9372
5406
8922
9869
805
310
6982
1003
4596
6229
7791
8156
9157
8719
7779
8008
9088
821
2630
5635
1781
4441
6594
6220
5968
6069
3832
9548
1578
1511
4698
2028
7996
4698
2975
9880
6087
1035
1961
1761
7265
9753
996
6421
9550
8775
5507
8637
675
8137
5351
2456
3657
1944
9755
703
9092
3586
250
1748
6176
6027
3776
5250
725
7830
5130
6812
8866
7091
8574
7209
7922
9570
3629
7472
9423
214
7187
97
8351
2537
3632
3086
5561
4465
3789
4652
9130
5119
6401
5305
1145
1255
555
2949
9086
6764
840
9030
4933
492
6238
3934
61
945
2484
562
1159
9671
1739
588
2208
5371
4754
8848
915
8543
3499
44
4740
978
5350
5886
2234
6984
9914
2398
4826
753
2506
837
1245
9823
4771
2385
767
7255
2948
3005
8005
5766
4672
212
2215
9426
138
3130
9048
3637
3175
3787
5695
9604
751
9008
7666
665
2484
2491
2497
4990
3328
4822
4812
9179
7207
6658
7512
1233
741
5516
6999
5413
6807
9215
4839
6945
3423
4965
1661
6598
8752
7356
7280
582
6363
4945
2326
8847
8515
4823
4915
2922
9645
9727
2100
7931
7463
9612
242
8204
5128
8321
4695
3013
8614
9534
9959
2036
4498
1619
9714
4329
8975
6993
4911
6416
1938
7237
6341
1531
3138
1255
4453
3862
2060
6553
2871
9523
7244
3113
8805
3450
1433
3499
6463
1125
4112
6421
3162
8610
9119
2875
4017
9172
946
8928
5587
3963
7243
3006
5495
1460
4261
9948
5322
6321
7580
8193
5843
4823
2384
5726
8273
4897
9226
5814
6022
3337
2235
9184
3025
2432
3137
7043
1604
5163
7049
8270
9126
4292
1276
5699
5752
6616
5647
2152
2937
4305
1423
9859
9128
3807
5585
8479
8704
5889
4292
4726
304
7606
4988
3329
1117
9205
1450
2721
5446
8500
2069
5650
3870
4424
1349
700
1040
8075
2852
5056
2379
4275
4914
2585
8082
1577
1063
7865
7466
6434
3669
8849
5119
8657
2178
6236
8940
4707
8957
5464
3206
2104
1114
8155
7608
2463
8855
8648
1616
1706
3703
3995
5981
9696
7659
5142
1273
8722
3006
9818
6234
7754
8667
1352
7489
1923
7588
6429
6630
7623
2971
915
806
4085
9070
8414
7627
9004
7061
9243
709
1842
3237
7770
1537
895
3990
2810
695
8075
3707
8009
5828
2373
9361
3316
5375
8028
823
2004
5650
3795
3998
6456
7880
4147
4869
5507
3150
3008
4749
4938
4850
9066
3786
6388
1039
7776
276
2814
5850
5062
822
2756
7435
1261
6073
3888
9289
6896
6972
4939
690
969
2473
9650
6195
8422
6235
423
1429
983
5362
7359
1127
9148
3746
3246
8003
5101
6060
3852
1242
7961
6609
8677
9222
3760
3644
9590
655
615
5607
2425
1584
8080
3153
8859
7580
9388
9282
9010
1449
4643
6368
2577
4870
1192
6902
2872
7372
4040
6724
8614
2000
4411
8370
2300
8171
2013
2968
9906
2628
8575
2330
5291
7734
5483
4149
5313
5949
4510
5401
7398
9153
1768
9975
5101
4039
6876
7973
1411
1994
5776
1103
3994
186
9473
7374
9437
2564
341
9342
5192
8917
2750
1562
7729
9312
6790
3041
5260
1299
8443
3736
1531
1289
3711
6632
5329
1665
4605
7819
3660
380
8922
8733
1645
9474
7185
2160
2037
7527
2580
8309
7522
6409
949
5250
6799
7739
9370
3137
117
7812
6874
1648
180
584
9359
5509
3328
3963
4406
8067
5422
4406
7879
8147
3879
5063
306
6996
2589
2887
6383
1189
374
7332
6439
7174
6149
5809
310
6266
4699
7184
8993
4879
8847
8352
1466
2175
2314
5872
1320
8816
278
9199
6962
5236
